elapsed, window, total, successful, failed
10.427484, 10.427484, 205529, 205529, 0
126.412932, 115.985448, 1484, 1484, 0
130.139672, 3.72674, 7089, 7088, 1
140.148125, 10.008453, 19059, 19059, 0
150.252713, 10.104588, 19178, 19178, 0
160.066782, 9.814069, 18629, 18629, 0
170.095425, 10.028643, 19037, 19037, 0
180.085195, 9.98977, 18968, 18968, 0
190.254449, 10.169254, 19312, 19312, 0
200.068779, 9.81433, 18631, 18631, 0
210.1919, 10.123121, 19243, 19243, 0
220.319024, 10.127124, 19223, 19223, 0
230.265951, 9.946927, 18888, 18888, 0
240.054182, 9.788231, 18611, 18611, 0
250.20051, 10.146328, 19256, 19256, 0
260.104795, 9.904285, 18809, 18809, 0
270.201806, 10.097011, 19172, 19172, 0
280.172596, 9.97079, 18927, 18927, 0
290.069212, 9.896616, 18794, 18794, 0
300.340738, 10.271526, 19517, 19517, 0
310.085336, 9.744598, 18510, 18510, 0
320.186871, 10.101535, 19165, 19165, 0
330.140383, 9.953512, 18897, 18897, 0
340.156085, 10.015702, 19030, 19030, 0
350.275724, 10.119639, 19245, 19245, 0
360.253727, 9.978003, 18946, 18946, 0
370.178298, 9.924571, 18873, 18873, 0
380.092662, 9.914364, 18845, 18845, 0
390.17246, 10.079798, 19138, 19138, 0
400.259905, 10.087445, 19150, 19150, 0
410.337933, 10.078028, 19146, 19146, 0
420.040717, 9.702784, 18411, 18411, 0
430.293715, 10.252998, 19463, 19463, 0
440.40732, 10.113605, 19208, 19208, 0
450.055101, 9.647781, 18326, 18326, 0
460.301854, 10.246753, 19463, 19463, 0
470.374859, 10.073005, 19120, 19120, 0
480.243236, 9.868377, 18760, 18760, 0
490.041665, 9.798429, 18606, 18606, 0
500.279178, 10.237513, 19434, 19434, 0
510.353938, 10.07476, 19111, 19111, 0
520.184309, 9.830371, 18690, 18690, 0
530.252834, 10.068525, 19112, 19112, 0
540.113109, 9.860275, 18717, 18717, 0
550.221486, 10.108377, 19219, 19219, 0
560.0813, 9.859814, 18725, 18725, 0
570.158516, 10.077216, 19155, 19155, 0
580.209496, 10.05098, 19063, 19063, 0
590.047672, 9.838176, 18720, 18720, 0
600.278399, 10.230727, 19428, 19428, 0
610.341135, 10.062736, 19111, 19111, 0
620.594697, 10.253562, 19466, 19466, 0
630.243223, 9.648526, 18322, 18322, 0
640.09931, 9.856087, 18727, 18727, 0
650.066922, 9.967612, 18943, 18943, 0
660.265006, 10.198084, 19389, 19389, 0
670.675077, 10.410071, 19759, 19759, 0
680.092353, 9.417276, 17890, 17890, 0
690.185465, 10.093112, 19164, 19164, 0
700.421373, 10.235908, 19426, 19426, 0
710.276041, 9.854668, 18716, 18716, 0
720.364036, 10.087995, 19150, 19150, 0
730.151594, 9.787558, 18607, 18607, 0
740.23398, 10.082386, 19161, 19161, 0
750.350876, 10.116896, 19228, 19228, 0
760.260615, 9.909739, 18814, 18814, 0
770.175924, 9.915309, 18822, 18822, 0
780.012098, 9.836174, 18688, 18688, 0
790.185133, 10.173035, 19311, 19311, 0
800.318881, 10.133748, 19285, 19285, 0
810.067502, 9.748621, 18524, 18524, 0
820.263864, 10.196362, 19380, 19380, 0
830.097938, 9.834074, 18669, 18669, 0
840.436099, 10.338161, 19632, 19632, 0
850.521019, 10.08492, 19175, 19175, 0
860.255556, 9.734537, 18510, 18510, 0
870.330085, 10.074529, 19139, 19139, 0
880.24752, 9.917435, 18835, 18835, 0
890.137252, 9.889732, 18804, 18804, 0
900.224508, 10.087256, 19169, 19169, 0
910.130953, 9.906445, 18832, 18832, 0
920.028374, 9.897421, 18809, 18809, 0
930.270376, 10.242002, 19424, 19424, 0
940.045237, 9.774861, 18568, 18568, 0
950.297372, 10.252135, 19494, 19494, 0
960.062508, 9.765136, 18564, 18564, 0
970.13593, 10.073422, 19109, 19109, 0
980.192209, 10.056279, 19121, 19121, 0
990.134838, 9.942629, 18903, 18903, 0
1000.225054, 10.090216, 19165, 19165, 0
1010.152537, 9.927483, 18859, 18859, 0
1020.281905, 10.129368, 19230, 19230, 0
1030.217185, 9.93528, 18860, 18860, 0
1040.087858, 9.870673, 18734, 18734, 0
1050.322622, 10.234764, 19422, 19422, 0
1060.229231, 9.906609, 18839, 18839, 0
1070.56908, 10.339849, 19653, 19653, 0
1080.582241, 10.013161, 19022, 19022, 0
1090.135385, 9.553144, 18156, 18156, 0
1100.137925, 10.00254, 19016, 19016, 0
1110.345323, 10.207398, 19407, 19407, 0
1120.371691, 10.026368, 19068, 19068, 0
1130.223632, 9.851941, 18691, 18691, 0
1140.106313, 9.882681, 18760, 18760, 0
1150.53293, 10.426617, 19827, 19827, 0
1160.106535, 9.573605, 18181, 18181, 0
1170.302327, 10.195792, 19380, 19380, 0
1180.312756, 10.010429, 19008, 19008, 0
1190.322073, 10.009317, 19017, 19017, 0
1200.332906, 10.010833, 19015, 19015, 0
1210.308768, 9.975862, 18949, 18949, 0
1221.082433, 10.773665, 20468, 20468, 0
1230.273688, 9.191255, 17482, 17482, 0
1240.657853, 10.384165, 19745, 19745, 0
1250.841286, 10.183433, 19369, 19369, 0
1260.186799, 9.345513, 17734, 17734, 0
1270.366568, 10.179769, 19341, 19341, 0
1280.569452, 10.202884, 19381, 19381, 0
1290.381618, 9.812166, 18630, 18630, 0
1300.351709, 9.970091, 18953, 18953, 0
1310.122191, 9.770482, 18545, 18545, 0
1320.549676, 10.427485, 19799, 19799, 0
1331.120963, 10.571287, 20088, 20088, 0
1340.511249, 9.390286, 17842, 17842, 0
1350.292371, 9.781122, 18609, 18609, 0
1360.21959, 9.927219, 18859, 18859, 0
1370.78936, 10.56977, 20114, 20114, 0
1380.558844, 9.769484, 18567, 18567, 0
1390.139531, 9.580687, 18194, 18194, 0
1400.228883, 10.089352, 19183, 19183, 0
1410.318722, 10.089839, 19154, 19154, 0
1420.458824, 10.140102, 19266, 19266, 0
1430.229284, 9.77046, 18548, 18548, 0
1440.331384, 10.1021, 19194, 19194, 0
1450.364703, 10.033319, 19049, 19049, 0
1460.392775, 10.028072, 19058, 19058, 0
1470.958165, 10.56539, 20084, 20084, 0
1480.546528, 9.588363, 18220, 18220, 0
1490.006723, 9.460195, 17990, 17990, 0
1500.260981, 10.254258, 19445, 19445, 0
1510.297981, 10.037, 19069, 19069, 0
1520.156927, 9.858946, 18748, 18748, 0
1530.169023, 10.012096, 19027, 19027, 0
1540.151475, 9.982452, 18990, 18990, 0
1550.3466, 10.195125, 19363, 19363, 0
1560.126156, 9.779556, 18565, 18565, 0
1570.108269, 9.982113, 18973, 18973, 0
1580.317922, 10.209653, 19394, 19394, 0
1590.317233, 9.999311, 18988, 18988, 0
1600.182022, 9.864789, 18737, 18737, 0
1610.014074, 9.832052, 18678, 18678, 0
1620.017857, 10.003783, 19033, 19033, 0
1630.093644, 10.075787, 19139, 19139, 0
1640.081511, 9.987867, 18950, 18950, 0
1650.266579, 10.185068, 19356, 19356, 0
1660.270945, 10.004366, 19001, 19001, 0
1670.136271, 9.865326, 18731, 18731, 0
1680.147595, 10.011324, 19024, 19024, 0
1690.155038, 10.007443, 19008, 19008, 0
1700.298193, 10.143155, 19256, 19256, 0
1710.032287, 9.734094, 18495, 18495, 0
1720.120714, 10.088427, 19177, 19177, 0
1730.024063, 9.903349, 18798, 18798, 0
1740.122872, 10.098809, 19174, 19174, 0
1750.041952, 9.91908, 18842, 18842, 0
1760.305147, 10.263195, 19510, 19510, 0
1770.00276, 9.697613, 18445, 18445, 0
1780.025772, 10.023012, 19050, 19050, 0
1790.044283, 10.018511, 19030, 19030, 0
1800.237321, 10.193038, 19345, 19345, 0
1806.703231, 6.46591, 12217, 12217, 0
