elapsed, window, total, successful, failed
10.001221, 10.001221, 464, 464, 0
20.001568, 10.000347, 682, 682, 0
30.000767, 9.999199, 102, 101, 1
40.001765, 10.000998, 639, 639, 0
50.00176, 9.999995, 147, 147, 0
60.001816, 10.000056, 549, 549, 0
70.001724, 9.999908, 139, 138, 1
80.001755, 10.000031, 496, 496, 0
90.002453, 10.000698, 137, 137, 0
100.000961, 9.998508, 520, 520, 0
110.001811, 10.00085, 213, 213, 0
120.001829, 10.000018, 339, 339, 0
130.001741, 9.999912, 1188, 1188, 0
140.001998, 10.000257, 3052, 3052, 0
150.002772, 10.000774, 3671, 3671, 0
160.001927, 9.999155, 4120, 4120, 0
170.001747, 9.99982, 3538, 3530, 8
180.00193, 10.000183, 4925, 4900, 25
190.00178, 9.99985, 4221, 4221, 0
200.001715, 9.999935, 4651, 4651, 0
210.00193, 10.000215, 5542, 5521, 21
220.002379, 10.000449, 4544, 4526, 18
230.000889, 9.99851, 4671, 4671, 0
240.001772, 10.000883, 4666, 4666, 0
250.001769, 9.999997, 5171, 5165, 6
260.001768, 9.999999, 5316, 5239, 77
270.001957, 10.000189, 5213, 5201, 12
280.001706, 9.999749, 4898, 4898, 0
290.001719, 10.000013, 4815, 4815, 0
300.002226, 10.000507, 4213, 4149, 64
310.000693, 9.998467, 4285, 4261, 24
320.001733, 10.00104, 5980, 5980, 0
330.001736, 10.000003, 4950, 4950, 0
340.00168, 9.999944, 5170, 5130, 40
350.001825, 10.000145, 3440, 3440, 0
360.001864, 10.000039, 5985, 5985, 0
370.001892, 10.000028, 3915, 3915, 0
380.002079, 10.000187, 5082, 5030, 52
390.000683, 9.998604, 4818, 4818, 0
400.001738, 10.001055, 4069, 4069, 0
410.001856, 10.000118, 5147, 5147, 0
420.0017, 9.999844, 5670, 5573, 97
430.001749, 10.000049, 5302, 5302, 0
440.002245, 10.000496, 4012, 4012, 0
450.000822, 9.998577, 4988, 4822, 166
460.002141, 10.001319, 6566, 6480, 86
470.000752, 9.998611, 5001, 5001, 0
480.001689, 10.000937, 6044, 6044, 0
490.001768, 10.000079, 4627, 4610, 17
500.001681, 9.999913, 5861, 5800, 61
510.003186, 10.001505, 6194, 6194, 0
520.000755, 9.997569, 5666, 5666, 0
530.001698, 10.000943, 5124, 5124, 0
540.002663, 10.000965, 4532, 4496, 36
550.001714, 9.999051, 5004, 4890, 114
560.002061, 10.000347, 4960, 4822, 138
570.001984, 9.999923, 5932, 5898, 34
580.002597, 10.000613, 4734, 4687, 47
590.00111, 9.998513, 6706, 6706, 0
600.000873, 9.999763, 4962, 4962, 0
610.001718, 10.000845, 6176, 6080, 96
620.001698, 9.99998, 4227, 4208, 19
630.001921, 10.000223, 6488, 6471, 17
640.001752, 9.999831, 3888, 3888, 0
650.001691, 9.999939, 6004, 5963, 41
660.001748, 10.000057, 5803, 5769, 34
670.001752, 10.000004, 4643, 4643, 0
680.001683, 9.999931, 4842, 4842, 0
690.001761, 10.000078, 6189, 6150, 39
700.002533, 10.000772, 4040, 3987, 53
710.001015, 9.998482, 5963, 5963, 0
720.001955, 10.00094, 5808, 5808, 0
730.001788, 9.999833, 5814, 5773, 41
740.001915, 10.000127, 4599, 4578, 21
750.001789, 9.999874, 3696, 3696, 0
760.00175, 9.999961, 5697, 5574, 123
770.002047, 10.000297, 4914, 4780, 134
780.001706, 9.999659, 4297, 4151, 146
790.001687, 9.999981, 5260, 5260, 0
800.002149, 10.000462, 4690, 4690, 0
810.000708, 9.998559, 5204, 5142, 62
820.00177, 10.001062, 3873, 3777, 96
830.001723, 9.999953, 4132, 4132, 0
840.001748, 10.000025, 2955, 2955, 0
850.001691, 9.999943, 6049, 5990, 59
860.001962, 10.000271, 5113, 5113, 0
870.001678, 9.999716, 4151, 4122, 29
880.00174, 10.000062, 3717, 3586, 131
890.001771, 10.000031, 4794, 4781, 13
900.001747, 9.999976, 4114, 4114, 0
910.001668, 9.999921, 3857, 3857, 0
920.00173, 10.000062, 4568, 4568, 0
930.001718, 9.999988, 5591, 5584, 7
940.001822, 10.000104, 4882, 4882, 0
950.001681, 9.999859, 3875, 3758, 117
960.001726, 10.000045, 4270, 4115, 155
970.002287, 10.000561, 5209, 5097, 112
980.000773, 9.998486, 3952, 3952, 0
990.001727, 10.000954, 4647, 4647, 0
1000.001691, 9.999964, 4719, 4701, 18
1010.002006, 10.000315, 4292, 4227, 65
1020.001717, 9.999711, 4002, 4002, 0
1030.001915, 10.000198, 3866, 3866, 0
1040.002215, 10.0003, 3773, 3773, 0
1050.000725, 9.99851, 3455, 3455, 0
1060.001675, 10.00095, 4494, 4494, 0
1070.001764, 10.000089, 3833, 3833, 0
1080.001744, 9.99998, 3850, 3850, 0
1090.001748, 10.000004, 4068, 4046, 22
1100.001767, 10.000019, 3887, 3724, 163
1110.00173, 9.999963, 4848, 4848, 0
1120.001941, 10.000211, 4106, 4106, 0
1130.001781, 9.99984, 4624, 4624, 0
1140.001823, 10.000042, 4401, 4401, 0
1150.001743, 9.99992, 4212, 4165, 47
1160.002313, 10.00057, 5398, 5255, 143
1170.000952, 9.998639, 4570, 4524, 46
1180.002766, 10.001814, 4591, 4529, 62
1190.001813, 9.999047, 2300, 2300, 0
1200.001733, 9.99992, 4863, 4863, 0
1210.001754, 10.000021, 2640, 2640, 0
1220.001693, 9.999939, 4423, 4423, 0
1230.001693, 10.0, 3735, 3734, 1
1240.002158, 10.000465, 4613, 4613, 0
1250.002373, 10.000215, 5572, 5495, 77
1260.000777, 9.998404, 3911, 3888, 23
1270.00169, 10.000913, 3928, 3928, 0
1280.001768, 10.000078, 3891, 3891, 0
1290.001687, 9.999919, 4370, 4355, 15
1300.001756, 10.000069, 4710, 4710, 0
1310.001731, 9.999975, 4124, 4124, 0
1320.001681, 9.99995, 3177, 3164, 13
1330.001774, 10.000093, 4897, 4868, 29
1340.001729, 9.999955, 3628, 3628, 0
1350.001773, 10.000044, 3706, 3706, 0
1360.001761, 9.999988, 3325, 3262, 63
1370.001717, 9.999956, 4085, 4021, 64
1380.001686, 9.999969, 4384, 4384, 0
1390.001685, 9.999999, 4593, 4593, 0
1400.001711, 10.000026, 4731, 4679, 52
1410.001754, 10.000043, 4281, 4281, 0
1420.001706, 9.999952, 3885, 3885, 0
1430.001756, 10.00005, 3609, 3577, 32
1440.001769, 10.000013, 3675, 3675, 0
1450.001766, 9.999997, 4282, 4282, 0
1460.001721, 9.999955, 2696, 2696, 0
1470.002331, 10.00061, 4624, 4624, 0
1480.000908, 9.998577, 4038, 4038, 0
1490.002296, 10.001388, 4101, 4101, 0
1500.000824, 9.998528, 3290, 3290, 0
1510.002183, 10.001359, 3871, 3854, 17
1520.000735, 9.998552, 4152, 4152, 0
1530.001768, 10.001033, 4499, 4499, 0
1540.001755, 9.999987, 4226, 4182, 44
1550.001752, 9.999997, 3901, 3901, 0
1560.001801, 10.000049, 4125, 4125, 0
1570.002428, 10.000627, 3158, 3158, 0
1580.001113, 9.998685, 4809, 4767, 42
1590.002143, 10.00103, 3202, 3072, 130
1600.000766, 9.998623, 4158, 4158, 0
1610.002496, 10.00173, 4776, 4598, 178
1620.000717, 9.998221, 3529, 3414, 115
1630.001805, 10.001088, 3399, 3310, 89
1640.001938, 10.000133, 4556, 4543, 13
1650.001786, 9.999848, 3390, 3364, 26
1660.001787, 10.000001, 3677, 3677, 0
1670.001739, 9.999952, 3942, 3942, 0
1680.001823, 10.000084, 4075, 4075, 0
1690.001761, 9.999938, 3318, 3318, 0
1700.001962, 10.000201, 4017, 4017, 0
1710.001981, 10.000019, 4056, 4056, 0
1720.001919, 9.999938, 5014, 4939, 75
1730.001737, 9.999818, 4186, 4186, 0
1740.001986, 10.000249, 4252, 4252, 0
1750.001717, 9.999731, 3842, 3838, 4
1760.00172, 10.000003, 3737, 3737, 0
1770.001861, 10.000141, 4035, 4035, 0
1780.001725, 9.999864, 3409, 3409, 0
1790.002158, 10.000433, 3385, 3385, 0
1800.00071, 9.998552, 3719, 3719, 0
1810.001708, 10.000998, 4652, 4652, 0
1820.001879, 10.000171, 3289, 3271, 18
1830.001735, 9.999856, 4219, 4219, 0
1840.001762, 10.000027, 3046, 2968, 78
1850.001674, 9.999912, 4189, 4189, 0
1860.001751, 10.000077, 3925, 3925, 0
1870.002087, 10.000336, 4462, 4462, 0
1880.000977, 9.99889, 3720, 3720, 0
1890.002674, 10.001697, 4371, 4363, 8
1900.002735, 10.000061, 2688, 2688, 0
1910.00176, 9.999025, 3638, 3638, 0
1920.002015, 10.000255, 4032, 4032, 0
1930.002087, 10.000072, 3540, 3540, 0
1940.00133, 9.999243, 3219, 3219, 0
1950.001229, 9.999899, 3835, 3835, 0
1960.000756, 9.999527, 2775, 2775, 0
1970.001773, 10.001017, 2818, 2818, 0
1980.001825, 10.000052, 3542, 3542, 0
1990.001711, 9.999886, 4501, 4501, 0
2000.001753, 10.000042, 3541, 3541, 0
2010.001743, 9.99999, 3681, 3681, 0
2020.001743, 10.0, 4153, 4153, 0
2030.001814, 10.000071, 4379, 4332, 47
2040.001754, 9.99994, 3407, 3407, 0
2050.001725, 9.999971, 3089, 3089, 0
2060.001831, 10.000106, 2961, 2949, 12
2070.002198, 10.000367, 2447, 2447, 0
2080.000707, 9.998509, 4164, 4164, 0
2090.001681, 10.000974, 3141, 3141, 0
2100.001765, 10.000084, 4334, 4334, 0
2110.002133, 10.000368, 2977, 2977, 0
2120.00067, 9.998537, 3610, 3610, 0
2130.001746, 10.001076, 3882, 3882, 0
2140.003054, 10.001308, 4344, 4344, 0
2150.000741, 9.997687, 3950, 3950, 0
2160.002499, 10.001758, 3588, 3575, 13
2170.001105, 9.998606, 3874, 3874, 0
2180.000735, 9.99963, 4193, 4136, 57
2190.001737, 10.001002, 4450, 4324, 126
2200.001953, 10.000216, 4026, 4026, 0
2210.001668, 9.999715, 4290, 4290, 0
2220.00178, 10.000112, 2843, 2843, 0
2230.00276, 10.00098, 4538, 4530, 8
2240.001705, 9.998945, 5467, 5467, 0
2250.001752, 10.000047, 4543, 4543, 0
2260.001727, 9.999975, 3930, 3930, 0
2270.001772, 10.000045, 4517, 4493, 24
2280.002083, 10.000311, 3444, 3444, 0
2290.000717, 9.998634, 4240, 4240, 0
2300.001787, 10.00107, 3137, 3133, 4
2310.003523, 10.001736, 5226, 5226, 0
2320.000833, 9.99731, 3157, 3157, 0
2330.002112, 10.001279, 3012, 2949, 63
2340.000781, 9.998669, 3581, 3550, 31
2350.002208, 10.001427, 4650, 4650, 0
2360.000744, 9.998536, 4272, 4272, 0
2370.00189, 10.001146, 3966, 3910, 56
2380.001937, 10.000047, 2730, 2670, 60
2390.001707, 9.99977, 2669, 2669, 0
2400.001699, 9.999992, 4130, 4130, 0
2410.002067, 10.000368, 4060, 4060, 0
2420.001738, 9.999671, 3740, 3740, 0
2430.001746, 10.000008, 3453, 3453, 0
2440.001755, 10.000009, 3624, 3624, 0
2450.001761, 10.000006, 4300, 4300, 0
2460.001705, 9.999944, 2968, 2968, 0
2470.00176, 10.000055, 3229, 3229, 0
2480.001718, 9.999958, 3194, 3186, 8
2490.001917, 10.000199, 3013, 3013, 0
2500.001726, 9.999809, 3998, 3893, 105
2510.00178, 10.000054, 4154, 4095, 59
2520.001693, 9.999913, 3278, 3278, 0
2530.001878, 10.000185, 3187, 3187, 0
2540.003008, 10.00113, 3335, 3289, 46
2550.000767, 9.997759, 3108, 3014, 94
2560.001682, 10.000915, 4412, 4371, 41
2570.001773, 10.000091, 3336, 3234, 102
2580.0017, 9.999927, 4102, 3920, 182
2590.001687, 9.999987, 4248, 4238, 10
2600.001765, 10.000078, 3743, 3622, 121
2610.002801, 10.001036, 4130, 3915, 215
2620.002602, 9.999801, 3932, 3932, 0
2630.000775, 9.998173, 3179, 3179, 0
2640.001872, 10.001097, 3077, 3012, 65
2650.002132, 10.00026, 4570, 4403, 167
2660.000944, 9.998812, 4181, 4145, 36
2670.00176, 10.000816, 3388, 3388, 0
2680.001738, 9.999978, 4415, 4238, 177
2690.00172, 9.999982, 2746, 2731, 15
2700.002622, 10.000902, 3622, 3622, 0
2710.000744, 9.998122, 3752, 3686, 66
2720.00186, 10.001116, 3130, 3020, 110
2730.001763, 9.999903, 3264, 3167, 97
2740.001734, 9.999971, 3135, 3053, 82
2750.001672, 9.999938, 3327, 3251, 76
2760.001737, 10.000065, 4724, 4570, 154
2770.001714, 9.999977, 3232, 3142, 90
2780.001944, 10.00023, 4361, 4228, 133
2790.001759, 9.999815, 3019, 2921, 98
2800.001766, 10.000007, 3139, 3040, 99
2810.001766, 10.0, 3667, 3576, 91
2820.001951, 10.000185, 3197, 2975, 222
2830.001676, 9.999725, 3900, 3780, 120
2840.001785, 10.000109, 5032, 4952, 80
2850.001767, 9.999982, 3735, 3734, 1
2860.001746, 9.999979, 2426, 2414, 12
2870.001717, 9.999971, 3851, 3748, 103
2880.001728, 10.000011, 3137, 3137, 0
2890.001756, 10.000028, 3285, 3285, 0
2900.001766, 10.00001, 3379, 3379, 0
2910.001698, 9.999932, 4938, 4803, 135
2920.001742, 10.000044, 3907, 3787, 120
2930.001771, 10.000029, 3416, 3375, 41
2940.002008, 10.000237, 3496, 3496, 0
2950.002498, 10.00049, 4357, 4306, 51
2960.000852, 9.998354, 3617, 3617, 0
2970.001753, 10.000901, 3289, 3232, 57
2980.001721, 9.999968, 2771, 2719, 52
2990.001726, 10.000005, 4452, 4452, 0
3000.001701, 9.999975, 3742, 3742, 0
3010.001808, 10.000107, 5287, 5287, 0
3020.001701, 9.999893, 4111, 4101, 10
3030.003505, 10.001804, 4001, 4001, 0
3040.000729, 9.997224, 3343, 3343, 0
3050.001691, 10.000962, 4085, 4081, 4
3060.001758, 10.000067, 4304, 4304, 0
3070.001732, 9.999974, 3991, 3991, 0
3080.00197, 10.000238, 4825, 4825, 0
3090.001779, 9.999809, 3908, 3908, 0
3100.00181, 10.000031, 3250, 3250, 0
3110.001755, 9.999945, 3919, 3919, 0
3120.001731, 9.999976, 2820, 2820, 0
3130.003707, 10.001976, 4414, 4414, 0
3140.000763, 9.997056, 5041, 5041, 0
3150.001705, 10.000942, 3566, 3566, 0
3160.001679, 9.999974, 4409, 4409, 0
3170.001797, 10.000118, 3915, 3915, 0
3180.00177, 9.999973, 3331, 3331, 0
3190.001693, 9.999923, 3838, 3838, 0
3200.001697, 10.000004, 3097, 3097, 0
3210.001717, 10.00002, 4899, 4899, 0
3220.001736, 10.000019, 3319, 3319, 0
3230.001813, 10.000077, 3055, 3055, 0
3240.001729, 9.999916, 3035, 3035, 0
3250.001757, 10.000028, 6356, 6356, 0
3260.001759, 10.000002, 3238, 3238, 0
3270.00171, 9.999951, 3526, 3526, 0
3280.001725, 10.000015, 4448, 4448, 0
3290.001732, 10.000007, 3606, 3606, 0
3300.001828, 10.000096, 4259, 4259, 0
3310.001762, 9.999934, 3243, 3243, 0
3320.001808, 10.000046, 3940, 3940, 0
3330.001853, 10.000045, 3865, 3865, 0
3340.001761, 9.999908, 3114, 3114, 0
3350.00176, 9.999999, 3738, 3738, 0
3360.001756, 9.999996, 4043, 4043, 0
3370.001911, 10.000155, 4036, 4036, 0
3380.001859, 9.999948, 3633, 3633, 0
3390.001777, 9.999918, 3483, 3483, 0
3400.001756, 9.999979, 5077, 5077, 0
3410.002629, 10.000873, 3770, 3770, 0
3420.000672, 9.998043, 3378, 3378, 0
3430.001765, 10.001093, 3654, 3654, 0
3440.002438, 10.000673, 2988, 2988, 0
3450.000854, 9.998416, 3203, 3203, 0
3460.001795, 10.000941, 3647, 3647, 0
3470.001664, 9.999869, 3805, 3805, 0
3480.001722, 10.000058, 3308, 3308, 0
3490.001748, 10.000026, 3644, 3644, 0
3500.001722, 9.999974, 2873, 2873, 0
3510.001756, 10.000034, 3813, 3813, 0
3520.002008, 10.000252, 3645, 3645, 0
3530.002449, 10.000441, 2891, 2891, 0
3540.000946, 9.998497, 4039, 4039, 0
3550.001781, 10.000835, 5112, 5112, 0
3560.00178, 9.999999, 4001, 4001, 0
3570.001854, 10.000074, 3167, 3167, 0
3580.001676, 9.999822, 5118, 5118, 0
3590.002136, 10.00046, 3001, 3001, 0
3600.000724, 9.998588, 4201, 4201, 0
3610.001739, 10.001015, 4279, 4279, 0
3620.001789, 10.00005, 3656, 3656, 0
3630.001788, 9.999999, 3894, 3894, 0
3640.001775, 9.999987, 4342, 4342, 0
3650.001722, 9.999947, 3307, 3307, 0
3660.001763, 10.000041, 4979, 4979, 0
3670.001767, 10.000004, 4311, 4311, 0
3680.001736, 9.999969, 3446, 3435, 11
3690.001681, 9.999945, 3133, 3133, 0
3700.001746, 10.000065, 2416, 2416, 0
3710.001758, 10.000012, 4253, 4253, 0
3720.001719, 9.999961, 2909, 2909, 0
3730.001939, 10.00022, 3695, 3695, 0
3740.001697, 9.999758, 3737, 3737, 0
3750.001667, 9.99997, 3259, 3259, 0
3760.002014, 10.000347, 2981, 2981, 0
3770.001672, 9.999658, 4467, 4467, 0
3780.001791, 10.000119, 3219, 3219, 0
3790.001874, 10.000083, 3551, 3551, 0
3800.001799, 9.999925, 3320, 3320, 0
3810.001783, 9.999984, 3163, 3163, 0
3820.001767, 9.999984, 4441, 4441, 0
3830.002025, 10.000258, 2754, 2754, 0
3840.001708, 9.999683, 3066, 3066, 0
3850.001763, 10.000055, 3301, 3301, 0
3860.001738, 9.999975, 3764, 3764, 0
3870.00177, 10.000032, 3982, 3982, 0
3880.001758, 9.999988, 3423, 3423, 0
3890.001866, 10.000108, 3225, 3225, 0
3900.002796, 10.00093, 3365, 3365, 0
3910.002737, 9.999941, 3761, 3761, 0
3920.001772, 9.999035, 4165, 4165, 0
3930.001892, 10.00012, 4311, 4311, 0
3940.001936, 10.000044, 3805, 3805, 0
3950.001871, 9.999935, 4432, 4432, 0
3960.001971, 10.0001, 4292, 4292, 0
3970.001775, 9.999804, 4744, 4744, 0
3980.002703, 10.000928, 3975, 3975, 0
3990.001719, 9.999016, 3934, 3934, 0
4000.001749, 10.00003, 2882, 2882, 0
4010.001739, 9.99999, 3937, 3937, 0
4020.001773, 10.000034, 4261, 4261, 0
4030.001724, 9.999951, 4366, 4366, 0
4040.001718, 9.999994, 2271, 2271, 0
4050.001718, 10.0, 4105, 4105, 0
4060.001697, 9.999979, 3777, 3777, 0
4070.001772, 10.000075, 4003, 4003, 0
4080.001726, 9.999954, 3284, 3284, 0
4090.001769, 10.000043, 3765, 3765, 0
4100.001758, 9.999989, 3166, 3166, 0
4110.001758, 10.0, 5844, 5844, 0
4120.001822, 10.000064, 3737, 3737, 0
4130.001738, 9.999916, 3700, 3700, 0
4140.001701, 9.999963, 3872, 3872, 0
4150.002178, 10.000477, 3661, 3661, 0
4160.001192, 9.999014, 3698, 3698, 0
4170.000943, 9.999751, 3506, 3506, 0
4180.00178, 10.000837, 3759, 3759, 0
4190.001722, 9.999942, 3222, 3222, 0
4200.00212, 10.000398, 3136, 3136, 0
4210.000721, 9.998601, 4805, 4805, 0
4220.002067, 10.001346, 2892, 2892, 0
4230.000767, 9.9987, 3835, 3835, 0
4240.001706, 10.000939, 3485, 3485, 0
4250.001918, 10.000212, 3187, 3187, 0
4260.0026, 10.000682, 4318, 4318, 0
4270.001014, 9.998414, 4519, 4519, 0
4280.001759, 10.000745, 4205, 4205, 0
4290.001785, 10.000026, 4058, 4058, 0
4300.001751, 9.999966, 3254, 3254, 0
4310.001755, 10.000004, 4583, 4583, 0
4320.002266, 10.000511, 4201, 4201, 0
4330.002586, 10.00032, 4524, 4524, 0
4340.001782, 9.999196, 4035, 4035, 0
4350.002004, 10.000222, 4498, 4498, 0
4360.002406, 10.000402, 2971, 2971, 0
4370.000722, 9.998316, 2990, 2990, 0
4380.001784, 10.001062, 3353, 3353, 0
4390.001784, 10.0, 3866, 3866, 0
4400.001768, 9.999984, 3453, 3453, 0
4410.001761, 9.999993, 3430, 3430, 0
4420.0017, 9.999939, 4070, 4070, 0
4430.001673, 9.999973, 4846, 4846, 0
4440.001757, 10.000084, 3078, 3078, 0
4450.002115, 10.000358, 3986, 3986, 0
4460.000722, 9.998607, 4064, 4064, 0
4470.001749, 10.001027, 3429, 3429, 0
4480.001711, 9.999962, 3339, 3339, 0
4490.001758, 10.000047, 3670, 3670, 0
4500.001771, 10.000013, 3752, 3752, 0
4510.004269, 10.002498, 3019, 3019, 0
4520.000752, 9.996483, 3715, 3715, 0
4530.001744, 10.000992, 5151, 5151, 0
4540.001745, 10.000001, 3637, 3637, 0
4550.001723, 9.999978, 3889, 3889, 0
4560.001735, 10.000012, 3035, 3035, 0
4570.001753, 10.000018, 5065, 5065, 0
4580.00205, 10.000297, 3079, 3079, 0
4590.001727, 9.999677, 5312, 5312, 0
4600.001745, 10.000018, 4255, 4255, 0
4610.00169, 9.999945, 3701, 3701, 0
4620.001919, 10.000229, 3146, 3146, 0
4630.001938, 10.000019, 2845, 2845, 0
4640.001752, 9.999814, 3892, 3892, 0
4650.001988, 10.000236, 4794, 4794, 0
4660.001774, 9.999786, 4385, 4385, 0
4670.001903, 10.000129, 5346, 5346, 0
4680.001745, 9.999842, 3450, 3450, 0
4690.001888, 10.000143, 3542, 3542, 0
4700.001745, 9.999857, 3854, 3854, 0
4710.002163, 10.000418, 4061, 4061, 0
4720.000743, 9.99858, 3323, 3323, 0
4730.001818, 10.001075, 4180, 4180, 0
4740.002748, 10.00093, 4364, 4364, 0
4750.001749, 9.999001, 3156, 3156, 0
4760.001733, 9.999984, 3107, 3107, 0
4770.00175, 10.000017, 4019, 4019, 0
4780.001875, 10.000125, 4779, 4779, 0
4790.001822, 9.999947, 3718, 3718, 0
4800.002331, 10.000509, 3736, 3736, 0
4810.000802, 9.998471, 4407, 4407, 0
4820.001734, 10.000932, 4455, 4455, 0
4830.001766, 10.000032, 4742, 4742, 0
4840.002087, 10.000321, 3872, 3872, 0
4850.001193, 9.999106, 3855, 3855, 0
4860.000773, 9.99958, 4263, 4263, 0
4870.002803, 10.00203, 3380, 3380, 0
4880.001725, 9.998922, 3288, 3288, 0
4890.001745, 10.00002, 3792, 3792, 0
4900.001792, 10.000047, 4225, 4225, 0
4910.002079, 10.000287, 2572, 2572, 0
4920.000733, 9.998654, 3924, 3924, 0
4930.001989, 10.001256, 2477, 2477, 0
4940.002066, 10.000077, 3846, 3846, 0
4950.001054, 9.998988, 5472, 5472, 0
4960.000701, 9.999647, 3487, 3487, 0
4970.001697, 10.000996, 4326, 4326, 0
4980.001755, 10.000058, 3928, 3928, 0
4990.001757, 10.000002, 4791, 4791, 0
5000.001756, 9.999999, 3927, 3927, 0
5010.001941, 10.000185, 4767, 4767, 0
5020.001688, 9.999747, 3784, 3784, 0
5030.001803, 10.000115, 4249, 4249, 0
5040.001758, 9.999955, 4194, 4194, 0
5050.001739, 9.999981, 4367, 4367, 0
5060.001821, 10.000082, 3935, 3935, 0
5070.001914, 10.000093, 3780, 3780, 0
5080.001705, 9.999791, 3184, 3184, 0
5090.001755, 10.00005, 3819, 3819, 0
5100.00187, 10.000115, 4320, 4320, 0
5110.002181, 10.000311, 3799, 3799, 0
5120.000747, 9.998566, 4345, 4345, 0
5130.001782, 10.001035, 4413, 4413, 0
5140.001705, 9.999923, 4131, 4131, 0
5150.001683, 9.999978, 4541, 4541, 0
5160.001694, 10.000011, 3959, 3959, 0
5170.001732, 10.000038, 4064, 4064, 0
5180.001974, 10.000242, 3906, 3906, 0
5190.001766, 9.999792, 3289, 3289, 0
5200.002475, 10.000709, 4169, 4169, 0
5210.000731, 9.998256, 3805, 3805, 0
5220.001824, 10.001093, 3862, 3862, 0
5230.001798, 9.999974, 4877, 4750, 127
5240.001716, 9.999918, 3088, 3088, 0
5250.001727, 10.000011, 3729, 3729, 0
5260.001762, 10.000035, 3967, 3967, 0
5270.001675, 9.999913, 4506, 4506, 0
5280.001758, 10.000083, 4312, 4312, 0
5290.001695, 9.999937, 4294, 4294, 0
5300.001817, 10.000122, 3343, 3329, 14
5310.00169, 9.999873, 3341, 3341, 0
5320.001712, 10.000022, 5074, 5074, 0
5330.001755, 10.000043, 2507, 2507, 0
5340.001758, 10.000003, 3754, 3754, 0
5350.00176, 10.000002, 3915, 3914, 1
5360.001764, 10.000004, 4009, 4009, 0
5370.001735, 9.999971, 3164, 3164, 0
5380.001828, 10.000093, 4486, 4486, 0
5390.001678, 9.99985, 5073, 5073, 0
5400.00181, 10.000132, 3174, 3174, 0
5410.001742, 9.999932, 3475, 3475, 0
5420.001716, 9.999974, 4282, 4281, 1
5430.001832, 10.000116, 2955, 2955, 0
5440.001752, 9.99992, 4573, 4573, 0
5450.001726, 9.999974, 4700, 4700, 0
5460.001743, 10.000017, 3187, 3187, 0
5470.001755, 10.000012, 3836, 3836, 0
5480.001733, 9.999978, 5806, 5806, 0
5490.001751, 10.000018, 4001, 3983, 18
5500.00171, 9.999959, 4527, 4527, 0
5510.001906, 10.000196, 4192, 4192, 0
5520.001722, 9.999816, 3750, 3750, 0
5530.001765, 10.000043, 3802, 3802, 0
5540.001939, 10.000174, 3404, 3404, 0
5550.001776, 9.999837, 4983, 4983, 0
5560.001709, 9.999933, 5803, 5803, 0
5570.001743, 10.000034, 4302, 4302, 0
5580.002402, 10.000659, 4546, 4546, 0
5590.001188, 9.998786, 2312, 2312, 0
5600.001151, 9.999963, 3774, 3774, 0
5610.000958, 9.999807, 3133, 3133, 0
5620.002305, 10.001347, 4264, 4264, 0
5630.000754, 9.998449, 4955, 4955, 0
5640.001758, 10.001004, 3513, 3513, 0
5650.001721, 9.999963, 4164, 4164, 0
5660.001823, 10.000102, 4820, 4820, 0
5670.001711, 9.999888, 4670, 4670, 0
5680.001753, 10.000042, 3693, 3693, 0
5690.001684, 9.999931, 4033, 4033, 0
5700.001792, 10.000108, 3980, 3980, 0
5710.001776, 9.999984, 4185, 4185, 0
5720.002006, 10.00023, 3574, 3574, 0
5730.001704, 9.999698, 3138, 3138, 0
5740.001833, 10.000129, 4422, 4422, 0
5750.001741, 9.999908, 4811, 4811, 0
5760.001668, 9.999927, 4359, 4359, 0
5770.001738, 10.00007, 4011, 4011, 0
5780.001757, 10.000019, 3846, 3846, 0
5790.001708, 9.999951, 4038, 4038, 0
5800.002042, 10.000334, 3815, 3815, 0
5810.001768, 9.999726, 3587, 3587, 0
5820.002287, 10.000519, 4487, 4487, 0
5830.000735, 9.998448, 3321, 3321, 0
5840.001973, 10.001238, 3925, 3925, 0
5850.001763, 9.99979, 4108, 4108, 0
5860.002302, 10.000539, 4286, 4286, 0
5870.001285, 9.998983, 2930, 2930, 0
5880.000735, 9.99945, 3354, 3354, 0
5890.001863, 10.001128, 3824, 3824, 0
5900.001773, 9.99991, 3874, 3874, 0
5910.001862, 10.000089, 4537, 4537, 0
5920.001749, 9.999887, 3823, 3823, 0
5930.001718, 9.999969, 3717, 3717, 0
5940.001771, 10.000053, 3775, 3775, 0
5950.001747, 9.999976, 3699, 3698, 1
5960.001725, 9.999978, 4673, 4673, 0
5970.001738, 10.000013, 3545, 3545, 0
5980.002075, 10.000337, 3667, 3667, 0
5990.002089, 10.000014, 5309, 5309, 0
6000.000744, 9.998655, 2802, 2802, 0
6010.001831, 10.001087, 4244, 4244, 0
6020.002259, 10.000428, 3508, 3508, 0
6030.000764, 9.998505, 7226, 7226, 0
6040.00218, 10.001416, 5325, 5325, 0
6050.000743, 9.998563, 4209, 4209, 0
6060.001723, 10.00098, 3790, 3790, 0
6070.002239, 10.000516, 3831, 3831, 0
6080.000755, 9.998516, 5068, 5068, 0
6090.001697, 10.000942, 4721, 4721, 0
6100.00176, 10.000063, 3834, 3834, 0
6110.00176, 10.0, 3978, 3978, 0
6120.001934, 10.000174, 4011, 4011, 0
6130.002229, 10.000295, 5161, 5161, 0
6140.000794, 9.998565, 3821, 3821, 0
6150.001943, 10.001149, 3858, 3858, 0
6160.001743, 9.9998, 5447, 5447, 0
6170.002273, 10.00053, 5004, 5004, 0
6180.000833, 9.99856, 4851, 4851, 0
6190.001693, 10.00086, 3450, 3450, 0
6200.001976, 10.000283, 4601, 4601, 0
6210.001727, 9.999751, 6057, 6057, 0
6220.00192, 10.000193, 3716, 3716, 0
6230.001715, 9.999795, 4396, 4396, 0
6240.001745, 10.00003, 4814, 4814, 0
6250.001737, 9.999992, 4763, 4763, 0
6260.001764, 10.000027, 3281, 3281, 0
6270.001785, 10.000021, 4316, 4316, 0
6280.001716, 9.999931, 3075, 3075, 0
6290.001758, 10.000042, 3108, 3108, 0
6300.001736, 9.999978, 4530, 4530, 0
6310.001885, 10.000149, 4314, 4314, 0
6320.002212, 10.000327, 3022, 3022, 0
6330.002429, 10.000217, 4677, 4677, 0
6340.000676, 9.998247, 3817, 3817, 0
6350.001774, 10.001098, 3073, 3073, 0
6360.00172, 9.999946, 4084, 4084, 0
6370.001794, 10.000074, 3000, 3000, 0
6380.001761, 9.999967, 4764, 4764, 0
6390.001766, 10.000005, 3595, 3595, 0
6400.001902, 10.000136, 4419, 4419, 0
6410.001715, 9.999813, 4027, 4027, 0
6420.00179, 10.000075, 2489, 2489, 0
6430.001739, 9.999949, 4251, 4251, 0
6440.001726, 9.999987, 4628, 4628, 0
6450.001786, 10.00006, 4668, 4668, 0
6460.001771, 9.999985, 2355, 2355, 0
6470.003093, 10.001322, 3703, 3703, 0
6480.00073, 9.997637, 4859, 4859, 0
6490.001746, 10.001016, 1776, 1776, 0
6500.001793, 10.000047, 5210, 5210, 0
6510.00191, 10.000117, 4032, 4032, 0
6520.001778, 9.999868, 5635, 5635, 0
6530.001715, 9.999937, 3867, 3867, 0
6540.001917, 10.000202, 5235, 5235, 0
6550.00191, 9.999993, 4329, 4329, 0
6560.001672, 9.999762, 4164, 4164, 0
6570.00229, 10.000618, 4713, 4713, 0
6580.002155, 9.999865, 3016, 3016, 0
6590.00072, 9.998565, 3817, 3817, 0
6600.001727, 10.001007, 5630, 5630, 0
6610.001768, 10.000041, 3486, 3486, 0
6620.001791, 10.000023, 4153, 4153, 0
6630.001753, 9.999962, 4215, 4215, 0
6640.002569, 10.000816, 4598, 4598, 0
6650.001761, 9.999192, 4714, 4714, 0
6660.00176, 9.999999, 4301, 4301, 0
6670.001761, 10.000001, 4075, 4075, 0
6680.001698, 9.999937, 4492, 4492, 0
6690.00209, 10.000392, 3736, 3736, 0
6700.000983, 9.998893, 3560, 3560, 0
6710.001749, 10.000766, 4932, 4932, 0
6720.001741, 9.999992, 1628, 1628, 0
6730.002014, 10.000273, 4390, 4390, 0
6740.001754, 9.99974, 4793, 4793, 0
6750.001762, 10.000008, 3354, 3354, 0
6760.001751, 9.999989, 4335, 4335, 0
6770.001743, 9.999992, 3412, 3412, 0
6780.001758, 10.000015, 3839, 3839, 0
6790.002487, 10.000729, 3167, 3167, 0
6800.002072, 9.999585, 4148, 4148, 0
6810.001732, 9.99966, 4277, 4277, 0
6820.001683, 9.999951, 4389, 4389, 0
6830.001874, 10.000191, 5729, 5729, 0
6840.001725, 9.999851, 5256, 5256, 0
6850.002081, 10.000356, 3958, 3958, 0
6860.001237, 9.999156, 2000, 2000, 0
6870.001991, 10.000754, 4603, 4603, 0
6880.002455, 10.000464, 3261, 3261, 0
6890.000742, 9.998287, 4675, 4675, 0
6900.001696, 10.000954, 3994, 3994, 0
6910.001786, 10.00009, 4038, 4038, 0
6920.001913, 10.000127, 4830, 4830, 0
6930.001701, 9.999788, 4751, 4751, 0
6940.001914, 10.000213, 4534, 4534, 0
6950.001761, 9.999847, 3896, 3896, 0
6960.001782, 10.000021, 4140, 4140, 0
6970.00173, 9.999948, 3802, 3802, 0
6980.001977, 10.000247, 2432, 2432, 0
6990.002253, 10.000276, 2595, 2595, 0
7000.00067, 9.998417, 4214, 4214, 0
7010.001846, 10.001176, 4079, 4079, 0
7020.001684, 9.999838, 3852, 3852, 0
7030.001708, 10.000024, 4629, 4629, 0
7040.001747, 10.000039, 3330, 3330, 0
7050.002055, 10.000308, 3254, 3254, 0
7060.001773, 9.999718, 3001, 3001, 0
7070.001695, 9.999922, 5185, 5185, 0
7080.001954, 10.000259, 4359, 4359, 0
7090.001885, 9.999931, 3867, 3867, 0
7100.001736, 9.999851, 2027, 2027, 0
7110.001807, 10.000071, 4311, 4311, 0
7120.001765, 9.999958, 3119, 3119, 0
7130.001749, 9.999984, 5338, 5338, 0
7140.001766, 10.000017, 2375, 2375, 0
7150.002051, 10.000285, 4325, 4325, 0
7160.00197, 9.999919, 5005, 5005, 0
7170.001707, 9.999737, 4458, 4458, 0
7180.001778, 10.000071, 5177, 5177, 0
7190.001739, 9.999961, 4020, 4020, 0
7200.001743, 10.000004, 3427, 3427, 0
7210.001772, 10.000029, 3977, 3977, 0
7220.001791, 10.000019, 3424, 3424, 0
7230.001947, 10.000156, 4614, 4614, 0
7240.001683, 9.999736, 3650, 3650, 0
7250.001705, 10.000022, 3558, 3558, 0
7260.001775, 10.00007, 4244, 4244, 0
7270.001731, 9.999956, 1805, 1805, 0
7280.001873, 10.000142, 5143, 5143, 0
7290.001733, 9.99986, 4070, 4070, 0
7300.00173, 9.999997, 2385, 2385, 0
7310.001837, 10.000107, 3383, 3383, 0
7320.002023, 10.000186, 3687, 3687, 0
7330.001776, 9.999753, 4547, 4547, 0
7340.00178, 10.000004, 2755, 2755, 0
7350.001714, 9.999934, 3428, 3428, 0
7360.001779, 10.000065, 3179, 3179, 0
7370.001797, 10.000018, 5317, 5317, 0
7380.002107, 10.00031, 3794, 3794, 0
7390.001294, 9.999187, 4185, 4185, 0
7400.001287, 9.999993, 5229, 5229, 0
7410.000758, 9.999471, 4747, 4747, 0
7420.00179, 10.001032, 4307, 4307, 0
7430.001795, 10.000005, 4405, 4405, 0
7440.001774, 9.999979, 4176, 4176, 0
7450.002283, 10.000509, 4828, 4828, 0
7460.00079, 9.998507, 3974, 3974, 0
7470.00174, 10.00095, 3749, 3749, 0
7480.001766, 10.000026, 2651, 2651, 0
7490.002599, 10.000833, 2951, 2951, 0
7500.000989, 9.99839, 5320, 5320, 0
7510.001868, 10.000879, 2607, 2607, 0
7520.001997, 10.000129, 5374, 5374, 0
7530.002111, 10.000114, 3686, 3686, 0
7540.001496, 9.999385, 3384, 3384, 0
7550.00106, 9.999564, 4308, 4308, 0
7560.001705, 10.000645, 5401, 5401, 0
7570.001742, 10.000037, 4931, 4931, 0
7580.001982, 10.00024, 4155, 4155, 0
7590.002393, 10.000411, 5521, 5521, 0
7600.002086, 9.999693, 4480, 4480, 0
7610.000847, 9.998761, 4542, 4542, 0
7620.001961, 10.001114, 4309, 4309, 0
7630.001708, 9.999747, 4489, 4489, 0
7640.001792, 10.000084, 5152, 5152, 0
7650.001917, 10.000125, 4487, 4487, 0
7660.001732, 9.999815, 5433, 5433, 0
7670.001712, 9.99998, 4069, 4069, 0
7680.001965, 10.000253, 3444, 3444, 0
7690.001678, 9.999713, 5700, 5700, 0
7700.001937, 10.000259, 2780, 2780, 0
7710.001728, 9.999791, 4314, 4314, 0
7720.001721, 9.999993, 5448, 5448, 0
7730.001692, 9.999971, 4317, 4317, 0
7740.001883, 10.000191, 3742, 3742, 0
7750.001736, 9.999853, 4965, 4965, 0
7760.00174, 10.000004, 3789, 3789, 0
7770.001728, 9.999988, 3321, 3321, 0
7780.00168, 9.999952, 4930, 4930, 0
7790.001735, 10.000055, 5173, 5173, 0
7800.001763, 10.000028, 3412, 3412, 0
7810.001761, 9.999998, 3707, 3707, 0
7820.002954, 10.001193, 3445, 3445, 0
7830.001807, 9.998853, 4950, 4950, 0
7840.001941, 10.000134, 4053, 4053, 0
7850.00175, 9.999809, 3162, 3162, 0
7860.002105, 10.000355, 4373, 4373, 0
7870.000853, 9.998748, 3751, 3751, 0
7880.001962, 10.001109, 5009, 5009, 0
7890.002011, 10.000049, 5001, 5001, 0
7900.001761, 9.99975, 4385, 4385, 0
7910.001747, 9.999986, 4750, 4750, 0
7920.00185, 10.000103, 4066, 4066, 0
7930.001714, 9.999864, 4700, 4700, 0
7940.001733, 10.000019, 4519, 4519, 0
7950.001792, 10.000059, 4562, 4562, 0
7960.001742, 9.99995, 3974, 3973, 1
7970.001727, 9.999985, 5395, 5395, 0
7980.001885, 10.000158, 4510, 4510, 0
7990.001768, 9.999883, 4858, 4858, 0
8000.001892, 10.000124, 2915, 2915, 0
8010.001763, 9.999871, 4669, 4669, 0
8020.002597, 10.000834, 3916, 3916, 0
8030.002953, 10.000356, 4456, 4456, 0
8040.001012, 9.998059, 4430, 4430, 0
8050.001742, 10.00073, 4101, 4101, 0
8060.002639, 10.000897, 2639, 2639, 0
8070.000785, 9.998146, 5002, 5002, 0
8080.001732, 10.000947, 4481, 4481, 0
8090.002071, 10.000339, 4440, 4440, 0
8100.000785, 9.998714, 4567, 4567, 0
8110.002234, 10.001449, 5097, 5097, 0
8120.000798, 9.998564, 3285, 3285, 0
8130.0017, 10.000902, 3944, 3944, 0
8140.003184, 10.001484, 4854, 4854, 0
8150.000787, 9.997603, 4777, 4777, 0
8160.002445, 10.001658, 3269, 3269, 0
8170.000745, 9.9983, 5253, 5253, 0
8180.003582, 10.002837, 3958, 3958, 0
8190.000767, 9.997185, 4633, 4633, 0
8200.002159, 10.001392, 6288, 6288, 0
8210.000941, 9.998782, 5038, 5038, 0
8220.002726, 10.001785, 4309, 4309, 0
8230.001764, 9.999038, 4439, 4439, 0
8240.001757, 9.999993, 5248, 5248, 0
8250.001754, 9.999997, 3280, 3280, 0
8260.001805, 10.000051, 4322, 4322, 0
8270.001736, 9.999931, 2497, 2497, 0
8280.001753, 10.000017, 3720, 3720, 0
8290.001754, 10.000001, 3324, 3324, 0
8300.001795, 10.000041, 5003, 5003, 0
8310.001763, 9.999968, 5108, 5108, 0
8320.001776, 10.000013, 2215, 2215, 0
8330.001774, 9.999998, 5377, 5377, 0
8340.001747, 9.999973, 3188, 3188, 0
8350.001672, 9.999925, 4586, 4586, 0
8360.001762, 10.00009, 5509, 5509, 0
8370.001685, 9.999923, 3340, 3340, 0
8380.001883, 10.000198, 4490, 4490, 0
8390.001755, 9.999872, 3633, 3633, 0
8400.001771, 10.000016, 3797, 3797, 0
8410.001808, 10.000037, 3780, 3780, 0
8420.00179, 9.999982, 3306, 3306, 0
8430.001771, 9.999981, 4704, 4704, 0
8440.002751, 10.00098, 3150, 3150, 0
8450.001717, 9.998966, 2614, 2614, 0
8460.001764, 10.000047, 3893, 3893, 0
8470.002062, 10.000298, 5281, 5281, 0
8480.001788, 9.999726, 5248, 5248, 0
8490.001745, 9.999957, 3564, 3564, 0
8500.001779, 10.000034, 4242, 4242, 0
8510.001763, 9.999984, 3548, 3547, 1
8520.001699, 9.999936, 4113, 4113, 0
8530.002193, 10.000494, 2192, 2192, 0
8540.000779, 9.998586, 4811, 4810, 1
8550.001727, 10.000948, 4590, 4590, 0
8560.002363, 10.000636, 3332, 3332, 0
8570.000775, 9.998412, 4782, 4782, 0
8580.001759, 10.000984, 3077, 3077, 0
8590.001716, 9.999957, 5674, 5674, 0
8600.001683, 9.999967, 4663, 4663, 0
8610.002014, 10.000331, 4562, 4562, 0
8620.001767, 9.999753, 3755, 3755, 0
8630.001729, 9.999962, 4672, 4672, 0
8640.001738, 10.000009, 4769, 4769, 0
8650.00173, 9.999992, 5306, 5306, 0
8660.001752, 10.000022, 3797, 3797, 0
8670.001734, 9.999982, 3698, 3698, 0
8680.001727, 9.999993, 5786, 5786, 0
8690.001963, 10.000236, 4783, 4783, 0
8700.002088, 10.000125, 4745, 4745, 0
8710.000727, 9.998639, 4761, 4761, 0
8720.002029, 10.001302, 4480, 4480, 0
8730.001721, 9.999692, 4631, 4631, 0
8740.001755, 10.000034, 3573, 3573, 0
8750.002124, 10.000369, 8232, 8232, 0
8760.000774, 9.99865, 3516, 3516, 0
8770.00173, 10.000956, 4592, 4592, 0
8780.001768, 10.000038, 5572, 5572, 0
8790.003112, 10.001344, 4107, 4107, 0
8800.000743, 9.997631, 3824, 3824, 0
8810.002285, 10.001542, 4660, 4660, 0
8820.000766, 9.998481, 4839, 4839, 0
8830.001823, 10.001057, 4863, 4863, 0
8840.001726, 9.999903, 3346, 3346, 0
8850.001756, 10.00003, 4473, 4473, 0
8860.002421, 10.000665, 2647, 2647, 0
8870.00083, 9.998409, 5045, 5045, 0
8880.00168, 10.00085, 5299, 5299, 0
8890.001779, 10.000099, 3669, 3669, 0
8900.002123, 10.000344, 2529, 2529, 0
8910.001791, 9.999668, 4586, 4586, 0
8920.001716, 9.999925, 4931, 4931, 0
8930.001734, 10.000018, 4117, 4117, 0
8940.00185, 10.000116, 4599, 4599, 0
8950.001772, 9.999922, 4296, 4296, 0
8960.001709, 9.999937, 3261, 3261, 0
8970.001732, 10.000023, 3773, 3773, 0
8980.001781, 10.000049, 3561, 3561, 0
8990.001915, 10.000134, 5880, 5880, 0
9000.001779, 9.999864, 6361, 6361, 0
9010.001694, 9.999915, 4698, 4698, 0
9020.001771, 10.000077, 5268, 5268, 0
9030.001962, 10.000191, 4076, 4076, 0
9040.001789, 9.999827, 4620, 4620, 0
9050.001752, 9.999963, 4977, 4977, 0
9060.001819, 10.000067, 3482, 3482, 0
9070.001971, 10.000152, 5226, 5226, 0
9080.001775, 9.999804, 3152, 3152, 0
9090.00175, 9.999975, 5595, 5595, 0
9100.002044, 10.000294, 1972, 1972, 0
9110.001778, 9.999734, 4937, 4937, 0
9120.001757, 9.999979, 4902, 4902, 0
9130.001747, 9.99999, 6161, 6161, 0
9140.002056, 10.000309, 5341, 5341, 0
9150.000755, 9.998699, 5328, 5328, 0
9160.001892, 10.001137, 3379, 3379, 0
9170.001673, 9.999781, 7710, 7710, 0
9180.001807, 10.000134, 3305, 3305, 0
9190.002012, 10.000205, 5283, 5283, 0
9200.001673, 9.999661, 4801, 4801, 0
9210.001693, 10.00002, 5636, 5636, 0
9220.001795, 10.000102, 3610, 3610, 0
9230.001719, 9.999924, 5813, 5813, 0
9240.001756, 10.000037, 4585, 4585, 0
9250.001742, 9.999986, 2950, 2950, 0
9260.00191, 10.000168, 5060, 5060, 0
9270.001753, 9.999843, 4178, 4178, 0
9280.001771, 10.000018, 2190, 2190, 0
9290.001788, 10.000017, 5418, 5418, 0
9300.001765, 9.999977, 3082, 3082, 0
9310.001752, 9.999987, 4716, 4716, 0
9320.002394, 10.000642, 5274, 5274, 0
9330.001088, 9.998694, 2721, 2721, 0
9340.000749, 9.999661, 4124, 4124, 0
9350.001844, 10.001095, 3955, 3955, 0
9360.001763, 9.999919, 5795, 5795, 0
9370.002098, 10.000335, 5200, 5200, 0
9380.000767, 9.998669, 4864, 4864, 0
9390.001694, 10.000927, 3842, 3842, 0
9400.002258, 10.000564, 4154, 4154, 0
9410.000809, 9.998551, 4818, 4818, 0
9420.0023, 10.001491, 4600, 4600, 0
9430.000976, 9.998676, 4971, 4971, 0
9440.002547, 10.001571, 4022, 4022, 0
9450.000746, 9.998199, 4434, 4434, 0
9460.001764, 10.001018, 3718, 3718, 0
9470.001751, 9.999987, 5096, 5096, 0
9480.001832, 10.000081, 3719, 3719, 0
9490.001722, 9.99989, 5295, 5295, 0
9500.002009, 10.000287, 3869, 3869, 0
9510.002314, 10.000305, 4427, 4427, 0
9520.001073, 9.998759, 4556, 4556, 0
9530.000755, 9.999682, 2479, 2479, 0
9540.001757, 10.001002, 3873, 3873, 0
9550.001762, 10.000005, 4095, 4095, 0
9560.001694, 9.999932, 5445, 5445, 0
9570.001731, 10.000037, 4405, 4405, 0
9580.001755, 10.000024, 4201, 4201, 0
9590.001779, 10.000024, 4341, 4341, 0
9600.001786, 10.000007, 5421, 5421, 0
9610.001715, 9.999929, 6348, 6348, 0
9620.001766, 10.000051, 2873, 2873, 0
9630.002072, 10.000306, 6630, 6630, 0
9640.000713, 9.998641, 3664, 3664, 0
9650.001766, 10.001053, 6209, 6209, 0
9660.001796, 10.00003, 3784, 3784, 0
9670.001725, 9.999929, 5411, 5411, 0
9680.001761, 10.000036, 7178, 7178, 0
9690.00168, 9.999919, 4527, 4527, 0
9700.001759, 10.000079, 5213, 5213, 0
9710.001774, 10.000015, 4815, 4815, 0
9720.002164, 10.00039, 4492, 4492, 0
9730.001074, 9.99891, 5409, 5409, 0
9740.001346, 10.000272, 5281, 5281, 0
9750.001664, 10.000318, 4585, 4585, 0
9760.00222, 10.000556, 5304, 5304, 0
9770.000845, 9.998625, 4096, 4096, 0
9780.001746, 10.000901, 5757, 5757, 0
9790.001756, 10.00001, 4984, 4984, 0
9800.001847, 10.000091, 7201, 7201, 0
9810.001943, 10.000096, 4058, 4058, 0
9820.001722, 9.999779, 6822, 6822, 0
9830.001795, 10.000073, 2516, 2516, 0
9840.001754, 9.999959, 6945, 6945, 0
9850.001728, 9.999974, 3910, 3910, 0
9860.001783, 10.000055, 4687, 4687, 0
9870.001744, 9.999961, 5410, 5410, 0
9880.001733, 9.999989, 4316, 4316, 0
9890.001732, 9.999999, 6227, 6227, 0
9900.002138, 10.000406, 4163, 4163, 0
9910.006418, 10.00428, 5562, 5562, 0
9920.001806, 9.995388, 4760, 4760, 0
9930.001703, 9.999897, 3303, 3303, 0
9940.001759, 10.000056, 5417, 5417, 0
9950.001753, 9.999994, 5722, 5722, 0
9960.00235, 10.000597, 5740, 5740, 0
9970.000886, 9.998536, 8347, 8347, 0
9980.001797, 10.000911, 6854, 6854, 0
9990.001691, 9.999894, 3192, 3192, 0
10000.001934, 10.000243, 9505, 9505, 0
10010.00218, 10.000246, 3596, 3596, 0
10020.00119, 9.99901, 6421, 6421, 0
10030.000697, 9.999507, 8191, 8191, 0
10040.001801, 10.001104, 5408, 5408, 0
10050.006987, 10.005186, 6198, 6198, 0
10060.001783, 9.994796, 7668, 7668, 0
10070.002157, 10.000374, 9376, 9376, 0
10080.001783, 9.999626, 3555, 3555, 0
10090.00415, 10.002367, 13813, 13813, 0
10100.001927, 9.997777, 15190, 15190, 0
10110.001764, 9.999837, 5537, 5537, 0
10120.002362, 10.000598, 12100, 12100, 0
10130.002285, 9.999923, 18353, 18353, 0
10140.00213, 9.999845, 18535, 18535, 0
10150.002216, 10.000086, 17384, 17384, 0
10160.006132, 10.003916, 16609, 16609, 0
10170.006476, 10.000344, 17346, 17346, 0
10180.001276, 9.9948, 18051, 18051, 0
10190.001525, 10.000249, 20597, 20597, 0
10200.000974, 9.999449, 20481, 20481, 0
10210.0044, 10.003426, 20780, 20780, 0
10220.002077, 9.997677, 17720, 17720, 0
10230.002304, 10.000227, 18214, 18214, 0
10240.001838, 9.999534, 18769, 18769, 0
10250.003817, 10.001979, 18355, 18355, 0
10260.000697, 9.99688, 16338, 16338, 0
10270.001782, 10.001085, 18139, 18139, 0
10280.001767, 9.999985, 20081, 20081, 0
10290.002393, 10.000626, 18673, 18673, 0
10300.001103, 9.99871, 20018, 20018, 0
10310.001379, 10.000276, 17285, 17285, 0
10320.001723, 10.000344, 19505, 19505, 0
10330.002769, 10.001046, 17457, 17457, 0
10340.000738, 9.997969, 18066, 18066, 0
10350.001844, 10.001106, 17479, 17479, 0
10360.001873, 10.000029, 18131, 18131, 0
10370.005887, 10.004014, 19306, 19306, 0
10380.002501, 9.996614, 16428, 16428, 0
10390.000805, 9.998304, 17499, 17499, 0
10400.001984, 10.001179, 15774, 15774, 0
10410.002622, 10.000638, 20391, 20391, 0
10420.002534, 9.999912, 18599, 18599, 0
10430.000725, 9.998191, 14919, 14919, 0
10440.00172, 10.000995, 20114, 20114, 0
10450.001685, 9.999965, 18501, 18501, 0
10460.002233, 10.000548, 18846, 18846, 0
10470.002539, 10.000306, 18720, 18720, 0
10480.002905, 10.000366, 16721, 16721, 0
10490.002946, 10.000041, 21278, 21278, 0
10500.002279, 9.999333, 19591, 19591, 0
10510.000929, 9.99865, 17566, 17566, 0
10520.005039, 10.00411, 19103, 19103, 0
10530.000761, 9.995722, 18400, 18400, 0
10540.001794, 10.001033, 18691, 18691, 0
10550.001819, 10.000025, 16121, 16121, 0
10560.002634, 10.000815, 17875, 17875, 0
10570.001945, 9.999311, 16297, 16297, 0
10580.004444, 10.002499, 15151, 15151, 0
10590.000742, 9.996298, 16522, 16522, 0
10600.003152, 10.00241, 18308, 18308, 0
10610.00082, 9.997668, 17150, 17150, 0
10620.001742, 10.000922, 17945, 17945, 0
10630.003711, 10.001969, 18044, 18044, 0
10640.002307, 9.998596, 17811, 17811, 0
10650.001839, 9.999532, 18270, 18270, 0
10660.001986, 10.000147, 18402, 18402, 0
10670.001304, 9.999318, 20813, 20813, 0
10680.003441, 10.002137, 18221, 18221, 0
10690.000895, 9.997454, 17648, 17648, 0
10700.002136, 10.001241, 18021, 18021, 0
10710.000731, 9.998595, 18106, 18106, 0
10720.001706, 10.000975, 19247, 19247, 0
10730.001768, 10.000062, 17731, 17731, 0
10740.003075, 10.001307, 17344, 17344, 0
10750.001728, 9.998653, 17634, 17634, 0
10760.003489, 10.001761, 18685, 18685, 0
10770.000756, 9.997267, 17432, 17432, 0
10780.005293, 10.004537, 18439, 18439, 0
10790.002838, 9.997545, 18123, 18123, 0
10800.001335, 9.998497, 19602, 19602, 0
10810.000948, 9.999613, 17617, 17617, 0
10820.002791, 10.001843, 20066, 20066, 0
10830.001708, 9.998917, 17665, 17665, 0
10840.003317, 10.001609, 18934, 18934, 0
10850.001695, 9.998378, 18531, 18531, 0
10860.003003, 10.001308, 18273, 18273, 0
10870.001108, 9.998105, 18376, 18376, 0
10880.00412, 10.003012, 19820, 19820, 0
10890.001799, 9.997679, 18278, 18278, 0
10900.002475, 10.000676, 15592, 15592, 0
10910.001357, 9.998882, 17748, 17748, 0
10920.001707, 10.00035, 18536, 18536, 0
10930.004331, 10.002624, 16331, 16331, 0
10940.000869, 9.996538, 18792, 18792, 0
10950.00176, 10.000891, 16665, 16665, 0
10960.001971, 10.000211, 16813, 16813, 0
10970.008388, 10.006417, 19939, 19939, 0
10980.003569, 9.995181, 18885, 18885, 0
10990.002394, 9.998825, 19243, 19243, 0
11000.000746, 9.998352, 18108, 18108, 0
11010.002642, 10.001896, 18687, 18687, 0
11020.003433, 10.000791, 19381, 19381, 0
11030.002024, 9.998591, 18627, 18627, 0
11040.001789, 9.999765, 18523, 18523, 0
11050.001785, 9.999996, 21451, 21451, 0
11060.004078, 10.002293, 18886, 18886, 0
11070.001788, 9.99771, 16922, 16922, 0
11080.002237, 10.000449, 20109, 20109, 0
11090.001087, 9.99885, 17646, 17646, 0
11100.000889, 9.999802, 19137, 19137, 0
11110.00168, 10.000791, 18761, 18760, 1
11120.001959, 10.000279, 19199, 19199, 0
11130.002309, 10.00035, 20429, 20429, 0
11140.0017, 9.999391, 20388, 20388, 0
11150.005059, 10.003359, 19707, 19707, 0
11160.001724, 9.996665, 20496, 20496, 0
11170.001766, 10.000042, 19619, 19619, 0
11180.004209, 10.002443, 20332, 20332, 0
11190.000787, 9.996578, 19529, 19529, 0
11200.001796, 10.001009, 17504, 17504, 0
11210.006289, 10.004493, 19164, 19164, 0
11220.001683, 9.995394, 19585, 19585, 0
11230.001891, 10.000208, 17181, 17181, 0
11240.001835, 9.999944, 18814, 18814, 0
11250.003594, 10.001759, 19377, 19377, 0
11260.000874, 9.99728, 19055, 19055, 0
11270.001993, 10.001119, 19066, 19066, 0
11280.002252, 10.000259, 16775, 16774, 1
11290.001894, 9.999642, 19052, 19052, 0
11300.001093, 9.999199, 18321, 18321, 0
11310.000902, 9.999809, 20860, 20860, 0
11320.004914, 10.004012, 18075, 18075, 0
11330.002442, 9.997528, 17077, 17077, 0
11340.001974, 9.999532, 17118, 17118, 0
11350.004036, 10.002062, 19222, 19222, 0
11360.001325, 9.997289, 17599, 17599, 0
11370.00078, 9.999455, 16929, 16929, 0
11380.002091, 10.001311, 19022, 19022, 0
11390.001763, 9.999672, 17318, 17318, 0
11400.001751, 9.999988, 18625, 18625, 0
11410.001708, 9.999957, 17267, 17267, 0
11420.002451, 10.000743, 18224, 18224, 0
11430.001277, 9.998826, 17618, 17618, 0
11440.003084, 10.001807, 19341, 19341, 0
11450.003518, 10.000434, 18202, 18202, 0
11460.002968, 9.99945, 18226, 18226, 0
11470.004032, 10.001064, 18292, 18292, 0
11480.001789, 9.997757, 18970, 18970, 0
11490.00203, 10.000241, 17159, 17159, 0
11500.001957, 9.999927, 20147, 20147, 0
11510.001917, 9.99996, 18107, 18107, 0
11520.003824, 10.001907, 19709, 19709, 0
11530.004265, 10.000441, 18249, 18249, 0
11540.002822, 9.998557, 18135, 18135, 0
11550.000769, 9.997947, 19153, 19153, 0
11560.001829, 10.00106, 17115, 17115, 0
11570.002646, 10.000817, 18919, 18919, 0
11580.000891, 9.998245, 16744, 16744, 0
11590.001721, 10.00083, 18591, 18591, 0
11600.001804, 10.000083, 16091, 16091, 0
11610.001759, 9.999955, 18956, 18956, 0
11620.003727, 10.001968, 18781, 18781, 0
11630.000776, 9.997049, 20281, 20281, 0
11640.002159, 10.001383, 19258, 19258, 0
11650.002212, 10.000053, 19439, 19439, 0
11660.002145, 9.999933, 17757, 17757, 0
11670.000829, 9.998684, 18266, 18266, 0
11680.001837, 10.001008, 20022, 20022, 0
11690.003265, 10.001428, 19260, 19260, 0
11700.00256, 9.999295, 19336, 19336, 0
11710.001846, 9.999286, 15804, 15804, 0
11720.001739, 9.999893, 15201, 15201, 0
11730.003929, 10.00219, 18158, 18158, 0
11740.002147, 9.998218, 17998, 17998, 0
11750.002912, 10.000765, 18952, 18952, 0
11760.002812, 9.9999, 17677, 17677, 0
11770.000734, 9.997922, 19127, 19127, 0
11780.002123, 10.001389, 16827, 16827, 0
11790.003846, 10.001723, 17390, 17390, 0
11800.001877, 9.998031, 18027, 18027, 0
11810.000801, 9.998924, 17872, 17872, 0
11820.002544, 10.001743, 19460, 19460, 0
11830.002159, 9.999615, 17359, 17359, 0
11840.000715, 9.998556, 17905, 17905, 0
11850.003079, 10.002364, 17296, 17296, 0
11860.000778, 9.997699, 18506, 18506, 0
11870.001855, 10.001077, 19260, 19260, 0
11880.002733, 10.000878, 18791, 18791, 0
11890.001476, 9.998743, 17216, 17216, 0
11900.00138, 9.999904, 21836, 21836, 0
11910.00392, 10.00254, 18301, 18301, 0
11920.002115, 9.998195, 18014, 18014, 0
11930.002544, 10.000429, 19294, 19294, 0
11940.00216, 9.999616, 18950, 18950, 0
11950.001691, 9.999531, 17769, 17769, 0
11960.002325, 10.000634, 16278, 16278, 0
11970.000816, 9.998491, 15400, 15400, 0
11980.002237, 10.001421, 17306, 17306, 0
11990.000913, 9.998676, 16490, 16490, 0
12000.003872, 10.002959, 16900, 16900, 0
12010.007206, 10.003334, 17363, 17363, 0
12020.002194, 9.994988, 18183, 18183, 0
12030.000756, 9.998562, 16411, 16411, 0
12040.003137, 10.002381, 16081, 16081, 0
12050.001214, 9.998077, 19159, 19159, 0
12060.0014, 10.000186, 18400, 18400, 0
12070.001736, 10.000336, 15576, 15576, 0
12080.001825, 10.000089, 15765, 15765, 0
12090.002283, 10.000458, 17398, 17398, 0
12100.002748, 10.000465, 19886, 19886, 0
12110.000732, 9.997984, 17808, 17808, 0
12120.001973, 10.001241, 18188, 18188, 0
12130.001887, 9.999914, 17881, 17881, 0
12140.001849, 9.999962, 16672, 16672, 0
12150.001817, 9.999968, 18363, 18363, 0
12160.001769, 9.999952, 18985, 18985, 0
12170.001908, 10.000139, 16324, 16324, 0
12180.002059, 10.000151, 18760, 18760, 0
12190.002239, 10.00018, 17414, 17414, 0
12200.005485, 10.003246, 17930, 17930, 0
12210.001112, 9.995627, 20111, 20111, 0
12220.002625, 10.001513, 17924, 17924, 0
12230.00269, 10.000065, 17964, 17964, 0
12240.002317, 9.999627, 18952, 18952, 0
12250.002466, 10.000149, 17119, 17119, 0
12260.004088, 10.001622, 16900, 16900, 0
12270.002029, 9.997941, 19156, 19156, 0
12280.002338, 10.000309, 18910, 18910, 0
12290.002185, 9.999847, 17586, 17586, 0
12300.001918, 9.999733, 17235, 17235, 0
12310.002179, 10.000261, 17539, 17539, 0
12320.002354, 10.000175, 14798, 14798, 0
12330.002876, 10.000522, 16326, 16326, 0
12340.005564, 10.002688, 18078, 18078, 0
12350.00383, 9.998266, 15154, 15154, 0
12360.003662, 9.999832, 19253, 19253, 0
12370.002082, 9.99842, 19882, 19882, 0
12380.003626, 10.001544, 19811, 19811, 0
12390.004418, 10.000792, 17555, 17555, 0
12400.00495, 10.000532, 19287, 19287, 0
12410.001674, 9.996724, 16381, 16381, 0
12420.00174, 10.000066, 19287, 19287, 0
12430.002023, 10.000283, 18167, 18167, 0
12440.001866, 9.999843, 20980, 20980, 0
12450.001882, 10.000016, 19677, 19677, 0
12460.001778, 9.999896, 20011, 20011, 0
12470.00219, 10.000412, 18506, 18506, 0
12480.00234, 10.00015, 17897, 17897, 0
12490.002409, 10.000069, 17324, 17324, 0
12500.002079, 9.99967, 17919, 17919, 0
12510.000749, 9.99867, 17983, 17983, 0
12520.002008, 10.001259, 18389, 18389, 0
12530.00232, 10.000312, 17769, 17769, 0
12540.001712, 9.999392, 17291, 17291, 0
12550.001706, 9.999994, 16058, 16058, 0
12560.001681, 9.999975, 17087, 17087, 0
12570.002367, 10.000686, 17817, 17817, 0
12580.001463, 9.999096, 18158, 18158, 0
12590.002108, 10.000645, 18971, 18971, 0
12600.002669, 10.000561, 17399, 17399, 0
12610.002087, 9.999418, 18058, 18058, 0
12620.001699, 9.999612, 15394, 15394, 0
12630.00569, 10.003991, 18071, 18071, 0
12640.003939, 9.998249, 18657, 18657, 0
12650.001758, 9.997819, 15640, 15640, 0
12660.001763, 10.000005, 18816, 18816, 0
12670.001829, 10.000066, 17282, 17282, 0
12680.004275, 10.002446, 15455, 15455, 0
12690.003753, 9.999478, 16673, 16673, 0
12700.002419, 9.998666, 17830, 17830, 0
12710.000887, 9.998468, 17040, 17040, 0
12720.002077, 10.00119, 17132, 17132, 0
12730.002713, 10.000636, 17870, 17870, 0
12740.00218, 9.999467, 17154, 17154, 0
12750.001736, 9.999556, 16486, 16486, 0
12760.006447, 10.004711, 18156, 18156, 0
12770.001808, 9.995361, 17045, 17045, 0
12780.00215, 10.000342, 18259, 18259, 0
12790.000742, 9.998592, 17874, 17874, 0
12800.002755, 10.002013, 17933, 17933, 0
12810.001755, 9.999, 15799, 15799, 0
12820.001757, 10.000002, 16644, 16644, 0
12830.001926, 10.000169, 18972, 18972, 0
12840.0028, 10.000874, 18449, 18449, 0
12850.002734, 9.999934, 16604, 16604, 0
12860.002866, 10.000132, 18584, 18584, 0
12870.003399, 10.000533, 18058, 18058, 0
12880.001732, 9.998333, 18788, 18788, 0
12890.001958, 10.000226, 16911, 16911, 0
12900.002266, 10.000308, 17381, 17381, 0
12910.00073, 9.998464, 16526, 16526, 0
12920.002509, 10.001779, 18451, 18451, 0
12930.001781, 9.999272, 15041, 15041, 0
12940.002011, 10.00023, 17294, 17294, 0
12950.001766, 9.999755, 16046, 16046, 0
12960.002756, 10.00099, 16891, 16891, 0
12970.004056, 10.0013, 17094, 17094, 0
12980.002428, 9.998372, 17539, 17539, 0
12990.00117, 9.998742, 17445, 17445, 0
13000.001548, 10.000378, 18157, 18157, 0
13010.001722, 10.000174, 16172, 16172, 0
13020.003678, 10.001956, 16854, 16854, 0
13030.000889, 9.997211, 16051, 16051, 0
13040.003977, 10.003088, 16456, 16456, 0
13050.000726, 9.996749, 17220, 17219, 1
13060.001742, 10.001016, 17368, 17368, 0
13070.001672, 9.99993, 15588, 15588, 0
13080.003895, 10.002223, 19076, 19076, 0
13090.001847, 9.997952, 15187, 15187, 0
13100.002506, 10.000659, 17147, 17147, 0
13110.003421, 10.000915, 17925, 17925, 0
13120.003205, 9.999784, 15751, 15751, 0
13130.004124, 10.000919, 17922, 17922, 0
13140.001307, 9.997183, 17701, 17701, 0
13150.002917, 10.00161, 19641, 19641, 0
13160.003114, 10.000197, 18647, 18647, 0
13170.000774, 9.99766, 17743, 17743, 0
13180.00267, 10.001896, 16793, 16793, 0
13190.000753, 9.998083, 17534, 17534, 0
13200.001841, 10.001088, 17918, 17918, 0
13210.001732, 9.999891, 18790, 18790, 0
13220.002514, 10.000782, 18000, 18000, 0
13230.002662, 10.000148, 19298, 19298, 0
13240.00228, 9.999618, 17445, 17445, 0
13250.003148, 10.000868, 16311, 16311, 0
13260.002262, 9.999114, 18068, 18068, 0
13270.004029, 10.001767, 16717, 16717, 0
13280.0018, 9.997771, 16856, 16856, 0
13290.002297, 10.000497, 18237, 18237, 0
13300.001842, 9.999545, 18890, 18890, 0
13310.003688, 10.001846, 18510, 18510, 0
13320.001683, 9.997995, 18716, 18716, 0
13330.002353, 10.00067, 16751, 16751, 0
13340.004066, 10.001713, 17164, 17164, 0
13350.001719, 9.997653, 18087, 18087, 0
13360.000833, 9.999114, 17877, 17877, 0
13370.002315, 10.001482, 19135, 19135, 0
13380.000761, 9.998446, 15243, 15243, 0
13390.004151, 10.00339, 17496, 17496, 0
13400.003046, 9.998895, 17584, 17584, 0
13410.000762, 9.997716, 16708, 16708, 0
13420.00197, 10.001208, 15634, 15634, 0
13430.002539, 10.000569, 18577, 18577, 0
13440.001722, 9.999183, 16828, 16828, 0
13450.001926, 10.000204, 17154, 17153, 1
13460.003153, 10.001227, 16702, 16702, 0
13470.003685, 10.000532, 19084, 19084, 0
13480.001807, 9.998122, 19171, 19171, 0
13490.005534, 10.003727, 16307, 16307, 0
13500.002022, 9.996488, 17393, 17393, 0
13510.001809, 9.999787, 16207, 16207, 0
13520.002491, 10.000682, 16247, 16247, 0
13530.000761, 9.99827, 16511, 16511, 0
13540.002426, 10.001665, 17474, 17474, 0
13550.000864, 9.998438, 18217, 18217, 0
13560.002384, 10.00152, 15810, 15810, 0
13570.0017, 9.999316, 18588, 18588, 0
13580.00277, 10.00107, 17724, 17724, 0
13590.001346, 9.998576, 17737, 17737, 0
13600.000729, 9.999383, 18017, 18017, 0
13610.001818, 10.001089, 18002, 18002, 0
13620.00288, 10.001062, 17826, 17826, 0
13630.005823, 10.002943, 18896, 18896, 0
13640.002467, 9.996644, 16997, 16997, 0
13650.003954, 10.001487, 18233, 18233, 0
13660.003544, 9.99959, 17241, 17241, 0
13670.002577, 9.999033, 17282, 17282, 0
13680.000896, 9.998319, 16618, 16618, 0
13690.002392, 10.001496, 17725, 17725, 0
13700.000787, 9.998395, 16960, 16960, 0
13710.001841, 10.001054, 17465, 17465, 0
13720.001748, 9.999907, 18309, 18309, 0
13730.003187, 10.001439, 17730, 17730, 0
13740.001584, 9.998397, 17721, 17721, 0
13750.004317, 10.002733, 19183, 19183, 0
13760.002586, 9.998269, 16674, 16674, 0
13770.000697, 9.998111, 16985, 16985, 0
13780.003045, 10.002348, 16628, 16628, 0
13790.003021, 9.999976, 17186, 17186, 0
13800.000766, 9.997745, 18094, 18094, 0
13810.002776, 10.00201, 18531, 18531, 0
13820.000694, 9.997918, 17585, 17585, 0
13830.006843, 10.006149, 16950, 16950, 0
13840.002132, 9.995289, 16494, 16494, 0
13850.002519, 10.000387, 16591, 16591, 0
13860.002209, 9.99969, 17444, 17444, 0
13870.00468, 10.002471, 17703, 17703, 0
13880.002377, 9.997697, 17415, 17415, 0
13890.001768, 9.999391, 18311, 18311, 0
13900.003997, 10.002229, 17278, 17278, 0
13910.000754, 9.996757, 18375, 18375, 0
13920.001838, 10.001084, 19537, 19537, 0
13930.005903, 10.004065, 17802, 17802, 0
13940.001616, 9.995713, 17926, 17926, 0
13950.00103, 9.999414, 16804, 16804, 0
13960.003314, 10.002284, 19839, 19839, 0
13970.00204, 9.998726, 18435, 18435, 0
13980.000742, 9.998702, 17800, 17800, 0
13990.001732, 10.00099, 18961, 18961, 0
14000.002035, 10.000303, 16923, 16923, 0
14010.001924, 9.999889, 17256, 17256, 0
14020.001901, 9.999977, 18364, 18364, 0
14030.001773, 9.999872, 17895, 17894, 1
14040.001848, 10.000075, 19253, 19253, 0
14050.001682, 9.999834, 17871, 17871, 0
14060.003465, 10.001783, 18435, 18435, 0
14070.002434, 9.998969, 18562, 18562, 0
14080.000701, 9.998267, 16815, 16815, 0
14090.001916, 10.001215, 19273, 19273, 0
14100.004903, 10.002987, 19125, 19125, 0
14110.000678, 9.995775, 18259, 18259, 0
14120.002532, 10.001854, 18805, 18805, 0
14130.000731, 9.998199, 17705, 17705, 0
14140.002849, 10.002118, 18730, 18730, 0
14150.000694, 9.997845, 17373, 17373, 0
14160.003937, 10.003243, 19439, 19439, 0
14170.000765, 9.996828, 16243, 16243, 0
14180.001774, 10.001009, 17925, 17925, 0
14190.001788, 10.000014, 17397, 17397, 0
14200.001842, 10.000054, 17314, 17314, 0
14210.003454, 10.001612, 18469, 18469, 0
14220.000775, 9.997321, 16680, 16680, 0
14230.001727, 10.000952, 17128, 17128, 0
14240.003748, 10.002021, 17304, 17304, 0
14250.006462, 10.002714, 18093, 18093, 0
14260.001423, 9.994961, 18949, 18949, 0
14270.000736, 9.999313, 17921, 17921, 0
14280.001907, 10.001171, 16409, 16409, 0
14290.003027, 10.00112, 18334, 18334, 0
14300.00268, 9.999653, 16917, 16917, 0
14310.001386, 9.998706, 16358, 16358, 0
14320.000931, 9.999545, 18506, 18506, 0
14330.001731, 10.0008, 17130, 17130, 0
14340.0024, 10.000669, 16878, 16878, 0
14350.002995, 10.000595, 16601, 16601, 0
14360.001775, 9.99878, 19342, 19342, 0
14370.002258, 10.000483, 18052, 18052, 0
14380.003417, 10.001159, 17526, 17526, 0
14390.001266, 9.997849, 18492, 18492, 0
14400.000762, 9.999496, 16935, 16935, 0
14410.002243, 10.001481, 16814, 16814, 0
14420.001127, 9.998884, 17928, 17928, 0
14430.001249, 10.000122, 17259, 17259, 0
14440.000776, 9.999527, 17146, 17146, 0
14450.001853, 10.001077, 19093, 19093, 0
14460.003133, 10.00128, 18822, 18822, 0
14470.000736, 9.997603, 16403, 16403, 0
14480.001721, 10.000985, 18090, 18090, 0
14490.002366, 10.000645, 17396, 17396, 0
14500.001407, 9.999041, 18444, 18444, 0
14510.000718, 9.999311, 16817, 16816, 1
14520.001922, 10.001204, 18107, 18107, 0
14530.001706, 9.999784, 16975, 16975, 0
14540.004144, 10.002438, 17168, 17168, 0
14550.001546, 9.997402, 16230, 16230, 0
14560.000749, 9.999203, 18223, 18223, 0
14570.002201, 10.001452, 16582, 16582, 0
14580.001729, 9.999528, 16466, 16466, 0
14590.002308, 10.000579, 20534, 20534, 0
14600.002317, 10.000009, 15790, 15790, 0
14610.00174, 9.999423, 18353, 18353, 0
14620.00259, 10.00085, 17079, 17079, 0
14630.00122, 9.99863, 16494, 16494, 0
14640.000714, 9.999494, 17158, 17158, 0
14650.002171, 10.001457, 15722, 15722, 0
14660.007425, 10.005254, 18941, 18941, 0
14670.002729, 9.995304, 15807, 15807, 0
14680.001596, 9.998867, 18088, 18088, 0
14690.000986, 9.99939, 20180, 20180, 0
14700.002133, 10.001147, 16240, 16240, 0
14710.002425, 10.000292, 17414, 17414, 0
14720.005475, 10.00305, 18220, 18220, 0
14730.00153, 9.996055, 17759, 17759, 0
14740.000846, 9.999316, 16054, 16054, 0
14750.004377, 10.003531, 17356, 17356, 0
14760.002189, 9.997812, 15848, 15848, 0
14770.001814, 9.999625, 17579, 17579, 0
14780.002224, 10.00041, 17117, 17117, 0
14790.002069, 9.999845, 18116, 18116, 0
14800.001233, 9.999164, 17935, 17935, 0
14810.003192, 10.001959, 16958, 16958, 0
14820.002347, 9.999155, 18770, 18770, 0
14830.001211, 9.998864, 16879, 16879, 0
14840.001802, 10.000591, 18032, 18032, 0
14850.002144, 10.000342, 16681, 16681, 0
14860.004708, 10.002564, 17752, 17752, 0
14870.003939, 9.999231, 19151, 19151, 0
14880.002948, 9.999009, 17114, 17114, 0
14890.004725, 10.001777, 15669, 15669, 0
14900.004969, 10.000244, 17497, 17497, 0
14910.00499, 10.000021, 16068, 16068, 0
14920.000735, 9.995745, 16309, 16309, 0
14930.002242, 10.001507, 17738, 17738, 0
14940.000771, 9.998529, 16136, 16136, 0
14950.001982, 10.001211, 16246, 16246, 0
14960.001716, 9.999734, 17001, 17001, 0
14970.001855, 10.000139, 18110, 18110, 0
14980.001766, 9.999911, 17120, 17120, 0
14990.003277, 10.001511, 18823, 18823, 0
15000.0088, 10.005523, 18005, 18005, 0
15010.000855, 9.992055, 16779, 16779, 0
15020.003146, 10.002291, 16353, 16353, 0
15030.001535, 9.998389, 16562, 16562, 0
15040.003391, 10.001856, 16705, 16705, 0
15050.003104, 9.999713, 16773, 16773, 0
15060.001135, 9.998031, 20048, 20048, 0
15070.002618, 10.001483, 18160, 18160, 0
15080.0009, 9.998282, 17775, 17775, 0
15090.00193, 10.00103, 18043, 18043, 0
15100.001839, 9.999909, 20287, 20287, 0
15110.001799, 9.99996, 18844, 18844, 0
15120.002051, 10.000252, 19233, 19233, 0
15130.000988, 9.998937, 18817, 18817, 0
15140.005878, 10.00489, 19238, 19238, 0
15150.002069, 9.996191, 17079, 17079, 0
15160.000831, 9.998762, 16613, 16613, 0
15170.001786, 10.000955, 18474, 18474, 0
15180.003553, 10.001767, 18794, 18794, 0
15190.001699, 9.998146, 18770, 18770, 0
15200.001782, 10.000083, 14919, 14919, 0
15210.005737, 10.003955, 17605, 17605, 0
15220.002609, 9.996872, 17594, 17594, 0
15230.000836, 9.998227, 19782, 19782, 0
15240.004724, 10.003888, 17345, 17345, 0
15250.004466, 9.999742, 17297, 17297, 0
15260.00204, 9.997574, 16875, 16875, 0
15270.002417, 10.000377, 17739, 17739, 0
15280.00474, 10.002323, 18449, 18449, 0
15290.000773, 9.996033, 17195, 17195, 0
15300.00191, 10.001137, 16276, 16276, 0
15310.004342, 10.002432, 18492, 18492, 0
15320.001743, 9.997401, 16290, 16290, 0
15330.003289, 10.001546, 18266, 18266, 0
15340.002021, 9.998732, 17963, 17963, 0
15350.000723, 9.998702, 18552, 18552, 0
15360.001739, 10.001016, 19360, 19360, 0
15370.001838, 10.000099, 17399, 17399, 0
15380.00323, 10.001392, 17842, 17842, 0
15390.001699, 9.998469, 19697, 19697, 0
15400.001778, 10.000079, 18901, 18901, 0
15410.002482, 10.000704, 19091, 19091, 0
15420.001236, 9.998754, 19064, 19064, 0
15430.000976, 9.99974, 16897, 16897, 0
15440.002488, 10.001512, 17444, 17444, 0
15450.002168, 9.99968, 17291, 17291, 0
15460.001851, 9.999683, 15868, 15868, 0
15470.002926, 10.001075, 17266, 17266, 0
15480.003986, 10.00106, 16617, 16617, 0
15490.001354, 9.997368, 15751, 15751, 0
15500.001049, 9.999695, 17165, 17165, 0
15510.001809, 10.00076, 17685, 17685, 0
15520.001771, 9.999962, 17630, 17630, 0
15530.001702, 9.999931, 18059, 18059, 0
15540.002053, 10.000351, 16738, 16738, 0
15550.003465, 10.001412, 16927, 16927, 0
15560.001374, 9.997909, 18030, 18030, 0
15570.000772, 9.999398, 19226, 19226, 0
15580.002037, 10.001265, 16914, 16914, 0
15590.002213, 10.000176, 18259, 18259, 0
15600.007409, 10.005196, 15721, 15721, 0
15610.00192, 9.994511, 17473, 17473, 0
15620.001452, 9.999532, 18763, 18763, 0
15630.001197, 9.999745, 16403, 16403, 0
15640.00086, 9.999663, 18129, 18129, 0
15650.002321, 10.001461, 18144, 18144, 0
15660.000827, 9.998506, 17773, 17773, 0
15670.003971, 10.003144, 18051, 18051, 0
15680.003144, 9.999173, 18358, 18358, 0
15690.010319, 10.007175, 18819, 18819, 0
15700.001024, 9.990705, 18296, 18296, 0
15710.004402, 10.003378, 20290, 20290, 0
15720.001702, 9.9973, 18598, 18598, 0
15730.003281, 10.001579, 16855, 16855, 0
15740.000798, 9.997517, 19494, 19494, 0
15750.004173, 10.003375, 18160, 18160, 0
15760.000726, 9.996553, 18119, 18119, 0
15770.003248, 10.002522, 16935, 16935, 0
15780.001773, 9.998525, 17994, 17994, 0
15790.001706, 9.999933, 18636, 18636, 0
15800.00274, 10.001034, 19221, 19221, 0
15810.00078, 9.99804, 17529, 17529, 0
15820.001696, 10.000916, 18206, 18206, 0
15830.001844, 10.000148, 15527, 15527, 0
15840.001702, 9.999858, 13994, 13994, 0
15850.001722, 10.00002, 19247, 19247, 0
15860.002465, 10.000743, 16741, 16741, 0
15870.000765, 9.9983, 18282, 18281, 1
15880.003999, 10.003234, 18325, 18325, 0
15890.002343, 9.998344, 18575, 18575, 0
15900.001697, 9.999354, 18288, 18288, 0
15910.001755, 10.000058, 17388, 17388, 0
15920.005796, 10.004041, 16112, 16112, 0
15930.000822, 9.995026, 17112, 17112, 0
15940.002514, 10.001692, 17892, 17892, 0
15950.000803, 9.998289, 16696, 16696, 0
15960.003163, 10.00236, 17346, 17346, 0
15970.000742, 9.997579, 17390, 17390, 0
15980.005124, 10.004382, 18141, 18140, 1
15990.001604, 9.99648, 19484, 19484, 0
16000.00068, 9.999076, 18440, 18440, 0
16010.003194, 10.002514, 18267, 18267, 0
16020.000815, 9.997621, 17721, 17721, 0
16030.002719, 10.001904, 17105, 17105, 0
16040.002861, 10.000142, 18377, 18377, 0
16050.002464, 9.999603, 18499, 18499, 0
16060.000727, 9.998263, 18677, 18677, 0
16070.003384, 10.002657, 18279, 18279, 0
16080.0039, 10.000516, 16481, 16481, 0
16090.001834, 9.997934, 17974, 17974, 0
16100.000897, 9.999063, 18922, 18922, 0
16110.00174, 10.000843, 19486, 19486, 0
16120.001745, 10.000005, 18366, 18366, 0
16130.001754, 10.000009, 19632, 19632, 0
16140.001704, 9.99995, 17382, 17382, 0
16150.002467, 10.000763, 19081, 19081, 0
16160.000791, 9.998324, 17205, 17205, 0
16170.002018, 10.001227, 16732, 16732, 0
16180.008379, 10.006361, 19446, 19446, 0
16190.001911, 9.993532, 16198, 16198, 0
16200.004929, 10.003018, 17774, 17774, 0
16210.004439, 9.99951, 16149, 16149, 0
16220.004271, 9.999832, 18100, 18100, 0
16230.000697, 9.996426, 17677, 17677, 0
16240.001782, 10.001085, 17125, 17125, 0
16250.002641, 10.000859, 18902, 18902, 0
16260.001064, 9.998423, 18189, 18189, 0
16270.001155, 10.000091, 19227, 19227, 0
16280.00075, 9.999595, 17437, 17437, 0
16290.002853, 10.002103, 18947, 18947, 0
16300.002584, 9.999731, 19648, 19648, 0
16310.002634, 10.00005, 20383, 20383, 0
16320.001552, 9.998918, 17495, 17495, 0
16330.000815, 9.999263, 18300, 18300, 0
16340.003677, 10.002862, 17113, 17113, 0
16350.001906, 9.998229, 17035, 17035, 0
16360.00174, 9.999834, 17223, 17223, 0
16370.001696, 9.999956, 20005, 20005, 0
16380.003216, 10.00152, 17498, 17498, 0
16390.001083, 9.997867, 17762, 17762, 0
16400.002672, 10.001589, 18331, 18331, 0
16410.001771, 9.999099, 17969, 17969, 0
16420.002952, 10.001181, 17952, 17952, 0
16430.001788, 9.998836, 17243, 17243, 0
16440.001737, 9.999949, 17486, 17486, 0
16450.001852, 10.000115, 19061, 19061, 0
16460.00269, 10.000838, 19580, 19580, 0
16470.001967, 9.999277, 19001, 19001, 0
16480.001924, 9.999957, 15903, 15903, 0
16490.003189, 10.001265, 19528, 19528, 0
16500.001047, 9.997858, 18897, 18897, 0
16510.002293, 10.001246, 16453, 16453, 0
16520.001136, 9.998843, 17224, 17224, 0
16530.000678, 9.999542, 16014, 16014, 0
16540.005283, 10.004605, 18513, 18513, 0
16550.001154, 9.995871, 18724, 18724, 0
16560.002325, 10.001171, 17858, 17858, 0
16570.001233, 9.998908, 18649, 18649, 0
16580.000897, 9.999664, 19440, 19440, 0
16590.001767, 10.00087, 17191, 17191, 0
16600.003761, 10.001994, 19481, 19481, 0
16610.003285, 9.999524, 19134, 19134, 0
16620.000873, 9.997588, 17311, 17311, 0
16630.002857, 10.001984, 18624, 18624, 0
16640.001869, 9.999012, 20189, 20189, 0
16650.002036, 10.000167, 16824, 16824, 0
16660.004141, 10.002105, 17523, 17523, 0
16670.002209, 9.998068, 19901, 19901, 0
16680.002279, 10.00007, 16819, 16819, 0
16690.000901, 9.998622, 18956, 18956, 0
16700.002826, 10.001925, 19491, 19491, 0
16710.00186, 9.999034, 19095, 19095, 0
16720.002689, 10.000829, 18999, 18999, 0
16730.002346, 9.999657, 19620, 19620, 0
16740.001374, 9.999028, 17938, 17938, 0
16750.000826, 9.999452, 20070, 20070, 0
16760.004962, 10.004136, 18746, 18746, 0
16770.001269, 9.996307, 18719, 18719, 0
16780.003801, 10.002532, 18431, 18431, 0
16790.00356, 9.999759, 17755, 17755, 0
16800.000707, 9.997147, 16358, 16358, 0
16810.003139, 10.002432, 19582, 19582, 0
16820.004236, 10.001097, 19253, 19253, 0
16830.000816, 9.99658, 18264, 18264, 0
16840.001857, 10.001041, 18996, 18995, 1
16850.006861, 10.005004, 19910, 19910, 0
16860.002174, 9.995313, 17452, 17452, 0
16870.001362, 9.999188, 18783, 18783, 0
16880.001217, 9.999855, 18629, 18629, 0
16890.001827, 10.00061, 19567, 19567, 0
16900.00178, 9.999953, 18623, 18623, 0
16910.001794, 10.000014, 17552, 17552, 0
16920.001874, 10.00008, 18545, 18545, 0
16930.002511, 10.000637, 18673, 18673, 0
16940.001781, 9.99927, 20017, 20017, 0
16950.001753, 9.999972, 17961, 17961, 0
16960.003023, 10.00127, 17530, 17530, 0
16970.002381, 9.999358, 19737, 19737, 0
16980.000782, 9.998401, 17450, 17450, 0
16990.003032, 10.00225, 18018, 18018, 0
17000.002975, 9.999943, 18125, 18125, 0
17010.002356, 9.999381, 18894, 18894, 0
17020.000764, 9.998408, 18299, 18299, 0
17030.002091, 10.001327, 17782, 17782, 0
17040.001622, 9.999531, 19015, 19015, 0
17050.00068, 9.999058, 17808, 17808, 0
17060.002439, 10.001759, 19553, 19553, 0
17070.002835, 10.000396, 15273, 15273, 0
17080.003528, 10.000693, 19936, 19936, 0
17090.005418, 10.00189, 18752, 18752, 0
17100.001696, 9.996278, 19395, 19395, 0
17110.001789, 10.000093, 19362, 19362, 0
17120.00156, 9.999771, 18534, 18534, 0
17130.002266, 10.000706, 18170, 18170, 0
17140.003035, 10.000769, 18510, 18510, 0
17150.002596, 9.999561, 18845, 18845, 0
17160.00368, 10.001084, 19129, 19129, 0
17170.002188, 9.998508, 19323, 19323, 0
17180.002323, 10.000135, 18622, 18622, 0
17190.002806, 10.000483, 18244, 18244, 0
17200.000712, 9.997906, 19822, 19822, 0
17210.004075, 10.003363, 19781, 19781, 0
17220.00137, 9.997295, 19919, 19919, 0
17230.001455, 10.000085, 19222, 19222, 0
17240.005271, 10.003816, 19862, 19862, 0
17250.000769, 9.995498, 18357, 18357, 0
17260.001858, 10.001089, 17064, 17064, 0
17270.002281, 10.000423, 19347, 19347, 0
17280.002546, 10.000265, 19457, 19457, 0
17290.00174, 9.999194, 19732, 19732, 0
17300.004507, 10.002767, 17483, 17483, 0
17310.001766, 9.997259, 18600, 18600, 0
17320.001981, 10.000215, 19048, 19048, 0
17330.003707, 10.001726, 18751, 18751, 0
17340.001605, 9.997898, 20422, 20422, 0
17350.001303, 9.999698, 18551, 18551, 0
17360.000942, 9.999639, 20704, 20704, 0
17370.001918, 10.000976, 18810, 18810, 0
17380.002158, 10.00024, 18450, 18450, 0
17390.002003, 9.999845, 18479, 18479, 0
17400.002235, 10.000232, 17515, 17515, 0
17410.004858, 10.002623, 19212, 19212, 0
17420.002365, 9.997507, 19877, 19877, 0
17430.001746, 9.999381, 17966, 17966, 0
17440.000761, 9.999015, 17880, 17880, 0
17450.003285, 10.002524, 18864, 18864, 0
17460.002806, 9.999521, 18753, 18753, 0
17470.001418, 9.998612, 17823, 17823, 0
17480.000816, 9.999398, 18988, 18988, 0
17490.002073, 10.001257, 18663, 18663, 0
17500.003422, 10.001349, 18895, 18895, 0
17510.001939, 9.998517, 19586, 19586, 0
17520.002085, 10.000146, 18682, 18681, 1
17530.002071, 9.999986, 17146, 17146, 0
17540.002293, 10.000222, 18693, 18693, 0
17550.001792, 9.999499, 18918, 18918, 0
17560.001762, 9.99997, 18559, 18559, 0
17570.002288, 10.000526, 18172, 18172, 0
17580.002955, 10.000667, 19637, 19637, 0
17590.000946, 9.997991, 17708, 17708, 0
17600.001696, 10.00075, 19435, 19435, 0
17610.00488, 10.003184, 19628, 19628, 0
17620.000918, 9.996038, 19260, 19260, 0
17630.002286, 10.001368, 17763, 17763, 0
17640.000765, 9.998479, 19646, 19646, 0
17650.001721, 10.000956, 18220, 18220, 0
17660.001729, 10.000008, 19497, 19497, 0
17670.002125, 10.000396, 19834, 19834, 0
17680.004186, 10.002061, 20062, 20062, 0
17690.001069, 9.996883, 18537, 18537, 0
17700.002112, 10.001043, 20087, 20087, 0
17710.000861, 9.998749, 18731, 18731, 0
17720.004838, 10.003977, 18502, 18502, 0
17730.000691, 9.995853, 19179, 19179, 0
17740.002398, 10.001707, 17616, 17616, 0
17750.002358, 9.99996, 19984, 19984, 0
17760.003339, 10.000981, 17378, 17378, 0
17770.004541, 10.001202, 16886, 16886, 0
17780.001891, 9.99735, 19438, 19438, 0
17790.001947, 10.000056, 17729, 17729, 0
17800.00169, 9.999743, 17105, 17105, 0
17810.00223, 10.00054, 17253, 17253, 0
17820.001664, 9.999434, 18648, 18648, 0
17830.00466, 10.002996, 20114, 20114, 0
17840.001424, 9.996764, 19220, 19220, 0
17850.002662, 10.001238, 19604, 19604, 0
17860.000706, 9.998044, 18821, 18821, 0
17870.004785, 10.004079, 17341, 17341, 0
17880.001537, 9.996752, 18510, 18510, 0
17890.001359, 9.999822, 19782, 19782, 0
17900.001903, 10.000544, 19786, 19786, 0
17910.002343, 10.00044, 19666, 19666, 0
17920.002532, 10.000189, 20885, 20884, 1
17930.003762, 10.00123, 18345, 18345, 0
17940.001243, 9.997481, 19099, 19099, 0
17950.003182, 10.001939, 19377, 19376, 1
17960.003793, 10.000611, 18100, 18100, 0
17970.004312, 10.000519, 19815, 19815, 0
17980.000737, 9.996425, 19580, 19580, 0
17990.002192, 10.001455, 18771, 18771, 0
18000.00497, 10.002778, 18581, 18581, 0
18010.000743, 9.995773, 19261, 19261, 0
18020.003488, 10.002745, 19804, 19804, 0
18030.001359, 9.997871, 18915, 18915, 0
18040.001519, 10.00016, 20608, 20608, 0
18050.000766, 9.999247, 18956, 18956, 0
18060.004465, 10.003699, 20592, 20592, 0
18070.001828, 9.997363, 20338, 20338, 0
18080.003893, 10.002065, 18604, 18604, 0
18090.005381, 10.001488, 19993, 19993, 0
18100.00333, 9.997949, 19410, 19410, 0
18110.003515, 10.000185, 18304, 18304, 0
18120.001043, 9.997528, 19948, 19948, 0
18130.002347, 10.001304, 18044, 18044, 0
18140.000905, 9.998558, 18546, 18546, 0
18150.001823, 10.000918, 18252, 18252, 0
18160.002101, 10.000278, 19957, 19957, 0
18170.005084, 10.002983, 17418, 17418, 0
18180.004323, 9.999239, 20026, 20026, 0
18190.003255, 9.998932, 18070, 18070, 0
18200.002963, 9.999708, 19193, 19193, 0
18210.002005, 9.999042, 20702, 20702, 0
18220.003547, 10.001542, 19887, 19887, 0
18230.003948, 10.000401, 18406, 18406, 0
18240.001045, 9.997097, 20128, 20128, 0
18250.001442, 10.000397, 18938, 18938, 0
18260.001564, 10.000122, 18060, 18060, 0
18270.001088, 9.999524, 18505, 18505, 0
18280.002857, 10.001769, 19878, 19878, 0
18290.001861, 9.999004, 18088, 18088, 0
18300.001776, 9.999915, 18320, 18320, 0
18310.003227, 10.001451, 18432, 18432, 0
18320.001411, 9.998184, 20075, 20075, 0
18330.001074, 9.999663, 19651, 19651, 0
18340.00172, 10.000646, 19827, 19827, 0
18350.002318, 10.000598, 19808, 19808, 0
18360.000752, 9.998434, 18825, 18825, 0
18370.003003, 10.002251, 16931, 16931, 0
18380.002849, 9.999846, 19508, 19508, 0
18390.000698, 9.997849, 19539, 19539, 0
18400.004742, 10.004044, 20343, 20343, 0
18410.002194, 9.997452, 20419, 20419, 0
18420.000751, 9.998557, 18062, 18062, 0
18430.003482, 10.002731, 20702, 20702, 0
18440.00557, 10.002088, 19389, 19389, 0
18450.001792, 9.996222, 18063, 18063, 0
18460.002567, 10.000775, 18577, 18577, 0
18470.002785, 10.000218, 20740, 20740, 0
18480.001838, 9.999053, 17720, 17720, 0
18490.003692, 10.001854, 20216, 20216, 0
18500.001843, 9.998151, 19417, 19417, 0
18510.001943, 10.0001, 19382, 19382, 0
18520.001786, 9.999843, 20417, 20417, 0
18530.005016, 10.00323, 19440, 19440, 0
18540.002618, 9.997602, 19659, 19659, 0
18550.003416, 10.000798, 20176, 20176, 0
18560.001066, 9.99765, 20418, 20418, 0
18570.002027, 10.000961, 20854, 20854, 0
18580.000856, 9.998829, 18875, 18875, 0
18590.002797, 10.001941, 19637, 19637, 0
18600.003927, 10.00113, 20082, 20082, 0
18610.003233, 9.999306, 19051, 19051, 0
18620.00205, 9.998817, 20580, 20580, 0
18630.001835, 9.999785, 18138, 18138, 0
18640.002269, 10.000434, 18769, 18769, 0
18650.004188, 10.001919, 21054, 21054, 0
18660.001808, 9.99762, 20533, 20533, 0
18670.002994, 10.001186, 19131, 19131, 0
18680.007341, 10.004347, 19506, 19506, 0
18690.000787, 9.993446, 18571, 18571, 0
18700.004964, 10.004177, 19218, 19218, 0
18710.000736, 9.995772, 19809, 19809, 0
18720.004331, 10.003595, 19335, 19335, 0
18730.001434, 9.997103, 19181, 19181, 0
18740.002817, 10.001383, 19607, 19607, 0
18750.001852, 9.999035, 18616, 18616, 0
18760.003049, 10.001197, 19258, 19258, 0
18770.002521, 9.999472, 18776, 18776, 0
18780.002652, 10.000131, 20229, 20229, 0
18790.002156, 9.999504, 19455, 19455, 0
18800.003807, 10.001651, 19618, 19618, 0
18810.001859, 9.998052, 21063, 21063, 0
18820.004356, 10.002497, 19439, 19439, 0
18830.001551, 9.997195, 20277, 20277, 0
18840.00119, 9.999639, 20221, 20221, 0
18850.002133, 10.000943, 19197, 19197, 0
18860.002991, 10.000858, 19787, 19787, 0
18870.001727, 9.998736, 19060, 19060, 0
18880.001746, 10.000019, 19312, 19312, 0
18890.002165, 10.000419, 19746, 19746, 0
18900.001088, 9.998923, 20422, 20422, 0
18910.001719, 10.000631, 19357, 19357, 0
18920.001696, 9.999977, 20671, 20671, 0
18930.004983, 10.003287, 20267, 20267, 0
18940.001769, 9.996786, 19001, 19001, 0
18950.002534, 10.000765, 19932, 19932, 0
18960.002584, 10.00005, 20964, 20964, 0
18970.002805, 10.000221, 19095, 19095, 0
18980.004094, 10.001289, 19585, 19585, 0
18990.001732, 9.997638, 19609, 19609, 0
19000.001905, 10.000173, 18954, 18954, 0
19010.00496, 10.003055, 19602, 19602, 0
19020.001803, 9.996843, 20163, 20163, 0
19030.000756, 9.998953, 18915, 18915, 0
19040.005548, 10.004792, 18615, 18615, 0
19050.003999, 9.998451, 19476, 19476, 0
19060.003631, 9.999632, 20208, 20208, 0
19070.00171, 9.998079, 18432, 18432, 0
19080.007802, 10.006092, 16580, 16580, 0
19090.002752, 9.99495, 19222, 19222, 0
19100.00192, 9.999168, 20288, 20288, 0
19110.002122, 10.000202, 19263, 19263, 0
19120.002272, 10.00015, 19000, 19000, 0
19130.00157, 9.999298, 18779, 18779, 0
19140.0009, 9.99933, 19244, 19244, 0
19150.007052, 10.006152, 19847, 19847, 0
19160.000699, 9.993647, 20172, 20172, 0
19170.002669, 10.00197, 19527, 19527, 0
19180.001772, 9.999103, 18254, 18254, 0
19190.002888, 10.001116, 19462, 19462, 0
19200.001985, 9.999097, 19844, 19844, 0
19210.002683, 10.000698, 18619, 18619, 0
19220.004806, 10.002123, 18496, 18496, 0
19230.003065, 9.998259, 19730, 19730, 0
19240.001178, 9.998113, 20499, 20499, 0
19250.002811, 10.001633, 20700, 20700, 0
19260.003242, 10.000431, 18699, 18699, 0
19270.000875, 9.997633, 18832, 18832, 0
19280.003779, 10.002904, 18380, 18379, 1
19290.001372, 9.997593, 19005, 19005, 0
19300.001072, 9.9997, 19717, 19717, 0
19310.003213, 10.002141, 19983, 19983, 0
19320.000798, 9.997585, 19644, 19644, 0
19330.00272, 10.001922, 20627, 20627, 0
19340.001918, 9.999198, 19262, 19262, 0
19350.003436, 10.001518, 19470, 19470, 0
19360.002517, 9.999081, 19967, 19967, 0
19370.000765, 9.998248, 18169, 18169, 0
19380.00243, 10.001665, 20829, 20829, 0
19390.00194, 9.99951, 18371, 18371, 0
19400.005164, 10.003224, 19757, 19757, 0
19410.001731, 9.996567, 18834, 18834, 0
19420.003509, 10.001778, 17509, 17509, 0
19430.002175, 9.998666, 18952, 18952, 0
19440.003992, 10.001817, 20253, 20253, 0
19450.001703, 9.997711, 19964, 19964, 0
19460.001625, 9.999922, 20138, 20138, 0
19470.001222, 9.999597, 20274, 20274, 0
19480.006232, 10.00501, 18188, 18188, 0
19490.002602, 9.99637, 19057, 19057, 0
19500.001493, 9.998891, 20430, 20430, 0
19510.002266, 10.000773, 19119, 19119, 0
19520.003133, 10.000867, 17717, 17717, 0
19530.002758, 9.999625, 20015, 20015, 0
19540.003519, 10.000761, 18831, 18831, 0
19550.001284, 9.997765, 18703, 18703, 0
19560.005174, 10.00389, 20384, 20384, 0
19570.001887, 9.996713, 19404, 19404, 0
19580.006087, 10.0042, 19611, 19611, 0
19590.002636, 9.996549, 19557, 19557, 0
19600.006914, 10.004278, 18521, 18521, 0
19610.002553, 9.995639, 19279, 19279, 0
19620.003249, 10.000696, 19667, 19667, 0
19630.006706, 10.003457, 18968, 18968, 0
19640.000764, 9.994058, 17910, 17910, 0
19650.002158, 10.001394, 20182, 20182, 0
19660.001132, 9.998974, 18706, 18706, 0
19670.000733, 9.999601, 18712, 18712, 0
19680.014548, 10.013815, 20404, 20404, 0
19690.001933, 9.987385, 19078, 19078, 0
19700.001699, 9.999766, 18947, 18947, 0
19710.001794, 10.000095, 19121, 19121, 0
19720.005233, 10.003439, 20266, 20266, 0
19730.001691, 9.996458, 19917, 19917, 0
19740.001693, 10.000002, 19130, 19130, 0
19750.002096, 10.000403, 20085, 20085, 0
19760.001813, 9.999717, 19529, 19529, 0
19770.002795, 10.000982, 19159, 19159, 0
19780.001948, 9.999153, 18686, 18686, 0
19790.00224, 10.000292, 18659, 18659, 0
19800.002168, 9.999928, 20627, 20627, 0
19810.000857, 9.998689, 18140, 18140, 0
19820.004221, 10.003364, 18625, 18625, 0
19830.00219, 9.997969, 19706, 19706, 0
19840.002796, 10.000606, 20029, 20029, 0
19850.000927, 9.998131, 19839, 19839, 0
19860.002908, 10.001981, 19450, 19450, 0
19870.002714, 9.999806, 18751, 18751, 0
19880.007609, 10.004895, 18885, 18885, 0
19890.00083, 9.993221, 19024, 19024, 0
19900.002315, 10.001485, 21281, 21281, 0
19910.002567, 10.000252, 19490, 19490, 0
19920.001379, 9.998812, 20059, 20059, 0
19930.001785, 10.000406, 18078, 18078, 0
19940.00217, 10.000385, 18534, 18534, 0
19950.001864, 9.999694, 19818, 19818, 0
19960.003766, 10.001902, 17650, 17650, 0
19970.00356, 9.999794, 20034, 20034, 0
19980.002713, 9.999153, 19430, 19430, 0
19990.001291, 9.998578, 18530, 18530, 0
20000.011454, 10.010163, 18488, 18488, 0
20010.003965, 9.992511, 20347, 20347, 0
20020.003286, 9.999321, 18719, 18719, 0
20030.000743, 9.997457, 19335, 19335, 0
20040.001735, 10.000992, 19949, 19949, 0
20050.001718, 9.999983, 19464, 19464, 0
20060.00722, 10.005502, 20078, 20078, 0
20070.001498, 9.994278, 19516, 19516, 0
20080.003138, 10.00164, 19553, 19553, 0
20090.001119, 9.997981, 19925, 19925, 0
20100.002072, 10.000953, 20757, 20757, 0
20110.001746, 9.999674, 18805, 18805, 0
20120.00419, 10.002444, 20134, 20134, 0
20130.002481, 9.998291, 20664, 20664, 0
20140.004963, 10.002482, 19816, 19816, 0
20150.002891, 9.997928, 18831, 18831, 0
20160.001119, 9.998228, 19939, 19939, 0
20170.001751, 10.000632, 19573, 19573, 0
20180.001825, 10.000074, 20900, 20900, 0
20190.003857, 10.002032, 20512, 20512, 0
20200.002966, 9.999109, 19435, 19435, 0
20210.004538, 10.001572, 19874, 19874, 0
20220.008218, 10.00368, 20103, 20103, 0
20230.001835, 9.993617, 18945, 18945, 0
20240.003027, 10.001192, 18575, 18575, 0
20250.004098, 10.001071, 18753, 18753, 0
20260.00192, 9.997822, 19314, 19314, 0
20270.005168, 10.003248, 19654, 19654, 0
20280.012066, 10.006898, 19147, 19147, 0
20290.002413, 9.990347, 19824, 19824, 0
20300.002555, 10.000142, 18314, 18314, 0
20310.002824, 10.000269, 19714, 19714, 0
20320.004878, 10.002054, 20053, 20053, 0
20330.001656, 9.996778, 19435, 19435, 0
20340.003636, 10.00198, 18073, 18073, 0
20350.001996, 9.99836, 19796, 19796, 0
20360.002022, 10.000026, 20266, 20266, 0
20370.003686, 10.001664, 20249, 20249, 0
20380.00227, 9.998584, 18268, 18268, 0
20390.00131, 9.99904, 18913, 18913, 0
20400.001363, 10.000053, 20433, 20433, 0
20410.002007, 10.000644, 19186, 19186, 0
20420.003248, 10.001241, 18168, 18168, 0
20430.002884, 9.999636, 19514, 19514, 0
20440.001532, 9.998648, 19774, 19774, 0
20450.001161, 9.999629, 18404, 18404, 0
20460.003463, 10.002302, 18602, 18602, 0
20470.001375, 9.997912, 18845, 18845, 0
20480.002188, 10.000813, 18641, 18641, 0
20490.003005, 10.000817, 20554, 20554, 0
20500.003083, 10.000078, 19925, 19925, 0
20510.00382, 10.000737, 19227, 19227, 0
20520.001478, 9.997658, 18204, 18204, 0
20530.001483, 10.000005, 19419, 19419, 0
20540.001169, 9.999686, 19784, 19784, 0
20550.002315, 10.001146, 19731, 19731, 0
20560.001526, 9.999211, 18093, 18093, 0
20570.001009, 9.999483, 20004, 20004, 0
20580.002178, 10.001169, 18937, 18937, 0
20590.001624, 9.999446, 19990, 19989, 1
20600.000744, 9.99912, 18102, 18102, 0
20610.001675, 10.000931, 18762, 18762, 0
20620.001712, 10.000037, 19162, 19162, 0
20630.003248, 10.001536, 18826, 18826, 0
20640.003215, 9.999967, 16688, 16688, 0
20650.00509, 10.001875, 20248, 20248, 0
20660.000977, 9.995887, 18737, 18737, 0
20670.005864, 10.004887, 18416, 18416, 0
20680.003714, 9.99785, 19144, 19144, 0
20690.004718, 10.001004, 19814, 19814, 0
20700.000781, 9.996063, 18883, 18883, 0
20710.003475, 10.002694, 20581, 20581, 0
20720.001417, 9.997942, 19020, 19020, 0
20730.001465, 10.000048, 18726, 18726, 0
20740.004372, 10.002907, 18756, 18756, 0
20750.00075, 9.996378, 18675, 18675, 0
20760.001736, 10.000986, 20091, 20091, 0
20770.008938, 10.007202, 17225, 17225, 0
20780.003811, 9.994873, 18256, 18256, 0
20790.002316, 9.998505, 20118, 20118, 0
20800.005032, 10.002716, 19289, 19289, 0
20810.003493, 9.998461, 20114, 20114, 0
20820.001804, 9.998311, 19638, 19638, 0
20830.007679, 10.005875, 20269, 20269, 0
20840.001032, 9.993353, 19093, 19093, 0
20850.00458, 10.003548, 19906, 19906, 0
20860.002304, 9.997724, 19710, 19710, 0
20870.001076, 9.998772, 19951, 19951, 0
20880.00173, 10.000654, 18993, 18993, 0
20890.002333, 10.000603, 20101, 20101, 0
20900.002144, 9.999811, 19144, 19144, 0
20910.006169, 10.004025, 19234, 19234, 0
20920.005399, 9.99923, 21036, 21036, 0
20930.002476, 9.997077, 19514, 19514, 0
20940.001522, 9.999046, 20066, 20066, 0
20950.003302, 10.00178, 19970, 19970, 0
20960.003527, 10.000225, 18859, 18859, 0
20970.00439, 10.000863, 19350, 19350, 0
20980.003015, 9.998625, 18641, 18641, 0
20990.003948, 10.000933, 19253, 19253, 0
21000.001489, 9.997541, 18670, 18670, 0
21010.0011, 9.999611, 20063, 20063, 0
21020.001743, 10.000643, 19539, 19539, 0
21030.003696, 10.001953, 20174, 20174, 0
21040.001969, 9.998273, 18466, 18466, 0
21050.001914, 9.999945, 18897, 18897, 0
21060.002416, 10.000502, 18612, 18612, 0
21070.000777, 9.998361, 19437, 19437, 0
21080.003681, 10.002904, 18334, 18334, 0
21090.000852, 9.997171, 16571, 16571, 0
21100.003277, 10.002425, 19714, 19714, 0
21110.000747, 9.99747, 20717, 20717, 0
21120.004077, 10.00333, 20232, 20232, 0
21130.001921, 9.997844, 19832, 19832, 0
21140.004754, 10.002833, 19305, 19305, 0
21150.002547, 9.997793, 18707, 18707, 0
21160.004101, 10.001554, 18836, 18836, 0
21170.003268, 9.999167, 20226, 20226, 0
21180.002418, 9.99915, 19535, 19535, 0
21190.000698, 9.99828, 20242, 20242, 0
21200.002627, 10.001929, 18678, 18678, 0
21210.001859, 9.999232, 19188, 19188, 0
21220.004295, 10.002436, 19282, 19282, 0
21230.000764, 9.996469, 18700, 18700, 0
21240.002889, 10.002125, 19590, 19590, 0
21250.001918, 9.999029, 17912, 17912, 0
21260.001766, 9.999848, 19514, 19514, 0
21270.001761, 9.999995, 18651, 18651, 0
21280.001909, 10.000148, 18948, 18948, 0
21290.002643, 10.000734, 20433, 20433, 0
21300.001165, 9.998522, 19397, 19397, 0
21310.005952, 10.004787, 19196, 19196, 0
21320.000984, 9.995032, 20457, 20457, 0
21330.001782, 10.000798, 18008, 18008, 0
21340.002151, 10.000369, 19084, 19084, 0
21350.003387, 10.001236, 19385, 19385, 0
21360.002803, 9.999416, 18455, 18455, 0
21370.001941, 9.999138, 19385, 19385, 0
21380.00169, 9.999749, 18760, 18760, 0
21390.003088, 10.001398, 18761, 18761, 0
21400.001418, 9.99833, 20497, 20497, 0
21410.005265, 10.003847, 17454, 17454, 0
21420.00553, 10.000265, 19678, 19678, 0
21430.002397, 9.996867, 19150, 19150, 0
21440.00074, 9.998343, 18981, 18981, 0
21450.009669, 10.008929, 19461, 19461, 0
21460.004348, 9.994679, 19440, 19440, 0
21470.001726, 9.997378, 19615, 19615, 0
21480.001753, 10.000027, 18714, 18714, 0
21490.003446, 10.001693, 19551, 19551, 0
21500.003633, 10.000187, 18703, 18703, 0
21510.001465, 9.997832, 18535, 18535, 0
21520.003247, 10.001782, 20689, 20689, 0
21530.004575, 10.001328, 19487, 19487, 0
21540.002814, 9.998239, 19895, 19895, 0
21550.002065, 9.999251, 19759, 19759, 0
21560.002322, 10.000257, 20025, 20025, 0
21570.000756, 9.998434, 17890, 17890, 0
21580.002562, 10.001806, 18460, 18460, 0
21590.001905, 9.999343, 19022, 19022, 0
21600.002541, 10.000636, 18442, 18441, 1
21601.058044, 1.055503, 1916, 1916, 0
