elapsed, window, n, min, mean, median, 95th, 99th, 99_9th, max, errors
10.001978, 10.001978, 16044, 2118, 31964.3, 29790, 43806, 61820, 433599, 651101, 0
20.001807, 9.999829, 15924, 4455, 30769.0, 29910, 41831, 52588, 167727, 326536, 0
30.003434, 10.001627, 16431, 4735, 30428.6, 29926, 40936, 48570, 100005, 546009, 0
40.001589, 9.998155, 16319, 4882, 30628.4, 29820, 41481, 51262, 167228, 546009, 0
50.001092, 9.999503, 16411, 3689, 30465.0, 29897, 41571, 50462, 93639, 423398, 0
60.003541, 10.002449, 16388, 3537, 30514.6, 29722, 41162, 52809, 177983, 476062, 0
70.002853, 9.999312, 16483, 3916, 30318.8, 29871, 40794, 49425, 80464, 400278, 0
80.002389, 9.999536, 16313, 4525, 30609.8, 29769, 42089, 53364, 157673, 345728, 0
90.002831, 10.000442, 16281, 4461, 30629.6, 29543, 41841, 52358, 232430, 1416426, 0
100.004438, 10.001607, 16383, 4281, 30551.5, 29886, 41774, 51785, 99031, 351139, 0
110.001838, 9.9974, 16449, 4416, 30349.8, 29833, 41090, 49155, 80727, 589746, 0
120.002518, 10.00068, 16234, 3769, 30661.8, 29363, 42259, 59436, 262792, 1099303, 0
130.00078, 9.998262, 14849, 2645, 33543.9, 26585, 64378, 119323, 424493, 4163093, 0
140.002342, 10.001562, 15734, 2645, 32104.9, 26257, 73515, 130987, 276447, 2953129, 0
150.000791, 9.998449, 16083, 4226, 31142.1, 28858, 48577, 88846, 137372, 441716, 0
160.004791, 10.004, 16355, 3991, 30554.2, 30073, 42188, 51130, 75101, 296887, 0
170.00251, 9.997719, 16363, 4649, 30566.2, 30178, 42075, 49814, 70458, 268403, 0
180.00183, 9.99932, 16362, 4469, 30544.2, 30079, 41796, 49734, 70288, 338199, 0
190.006119, 10.004289, 16332, 4008, 30612.1, 30070, 41963, 50385, 68897, 276273, 0
200.002185, 9.996066, 16351, 3609, 30541.5, 29989, 41652, 50248, 76258, 336800, 0
210.001404, 9.999219, 16353, 3278, 30572.7, 30061, 41608, 50902, 77612, 302428, 0
220.002817, 10.001413, 16406, 3821, 30421.1, 30029, 41164, 48379, 75895, 540168, 0
230.002801, 9.999984, 16394, 3732, 30481.0, 30087, 41284, 47647, 69476, 351396, 0
240.002754, 9.999953, 16358, 4561, 30528.2, 29997, 41340, 50442, 92462, 353599, 0
250.002012, 9.999258, 16087, 4185, 30915.1, 29253, 43955, 67331, 258364, 562994, 0
260.001796, 9.999784, 15218, 3103, 32820.3, 27584, 60754, 138875, 366022, 3064405, 0
270.00319, 10.001394, 16406, 3174, 30625.3, 27498, 47551, 101946, 299175, 1648357, 0
280.001552, 9.998362, 16222, 3259, 30661.5, 28843, 42949, 68214, 261532, 2690660, 0
290.005136, 10.003584, 16330, 4755, 30606.4, 29710, 41579, 54515, 216032, 352321, 0
300.003084, 9.997948, 16298, 4060, 30624.4, 29969, 41225, 50437, 126345, 314442, 0
310.00105, 9.997966, 16355, 3813, 30550.3, 29886, 41494, 53868, 101213, 330119, 0
320.003243, 10.002193, 16422, 4981, 30367.6, 29820, 40705, 49416, 90681, 373409, 0
330.002208, 9.998965, 16436, 4965, 30397.6, 29824, 40635, 50324, 102526, 476276, 0
340.001451, 9.999243, 16334, 4122, 30486.5, 29717, 41210, 54779, 112298, 437732, 0
350.002617, 10.001166, 16371, 5196, 30552.3, 29630, 41025, 52470, 253089, 572006, 0
360.001322, 9.998705, 16144, 3828, 30910.4, 29312, 44219, 66839, 246353, 571998, 0
370.001884, 10.000562, 16161, 3854, 30918.9, 29354, 44398, 63982, 201321, 659743, 0
380.003751, 10.001867, 16281, 4324, 30618.7, 29692, 41796, 56602, 140576, 572285, 0
390.001884, 9.998133, 16269, 4521, 30709.6, 29960, 41475, 53636, 102327, 336916, 0
400.002512, 10.000628, 16332, 4339, 30613.0, 29646, 41569, 54678, 228948, 797132, 0
410.001729, 9.999217, 16365, 4810, 30553.9, 30006, 41166, 49140, 95615, 323351, 0
420.001868, 10.000139, 16254, 4493, 30681.7, 29773, 41533, 57596, 205872, 452469, 0
430.003897, 10.002029, 16410, 5369, 30504.7, 29696, 40745, 51485, 231577, 528934, 0
440.001976, 9.998079, 16306, 4813, 30576.6, 29751, 40903, 52476, 184201, 346693, 0
450.0034, 10.001424, 16367, 5277, 30574.6, 29850, 41244, 54099, 111379, 386429, 0
460.003459, 10.000059, 16376, 5413, 30478.9, 29854, 40660, 50015, 127350, 320804, 0
470.00229, 9.998831, 16301, 4247, 30594.6, 29616, 41625, 54391, 249141, 501604, 0
480.002904, 10.000614, 16300, 4141, 30611.3, 29708, 41894, 56081, 162969, 395552, 0
490.004294, 10.00139, 16184, 4571, 30880.6, 29063, 44411, 70130, 252933, 786598, 0
500.005101, 10.000807, 16102, 5162, 31050.7, 29115, 46117, 73546, 245213, 662306, 0
510.001591, 9.99649, 16037, 4147, 31120.8, 28814, 44952, 84236, 281926, 870218, 0
520.002816, 10.001225, 15985, 4350, 31130.7, 28745, 47235, 84345, 266040, 768604, 0
530.003797, 10.000981, 15791, 3883, 31761.6, 27764, 52441, 103154, 344138, 1782345, 0
540.001031, 9.997234, 15840, 3126, 31460.9, 28350, 51511, 99680, 241600, 1336486, 0
550.002834, 10.001803, 15799, 4379, 31486.0, 28026, 53105, 79131, 255688, 3417082, 0
560.001987, 9.999153, 16059, 5282, 31290.5, 29081, 48068, 73071, 239910, 3292178, 0
570.002716, 10.000729, 16218, 4410, 30773.4, 29466, 43018, 67856, 198126, 702729, 0
580.00315, 10.000434, 16271, 3990, 30725.3, 29654, 41456, 54692, 273606, 766555, 0
590.00375, 10.0006, 16195, 5812, 30811.6, 29822, 42584, 54609, 169224, 477493, 0
600.001694, 9.997944, 16101, 4625, 31037.8, 29174, 45351, 69592, 253507, 896316, 0
601.015455, 1.013761, 1526, 4625, 31011.6, 29032, 46103, 70956, 254400, 896316, 0
