elapsed, window, total, successful, failed
10.007008, 10.007008, 24022, 24022, 0
20.002951, 9.995943, 19478, 19478, 0
30.004962, 10.002011, 19129, 19129, 0
40.001556, 9.996594, 18220, 18220, 0
50.000834, 9.999278, 19776, 19776, 0
60.001942, 10.001108, 22089, 22089, 0
70.005756, 10.003814, 23817, 23817, 0
80.006462, 10.000706, 21835, 21835, 0
90.00309, 9.996628, 24389, 24389, 0
100.001702, 9.998612, 23671, 23671, 0
110.003545, 10.001843, 23221, 23221, 0
120.001954, 9.998409, 23183, 23183, 0
130.004281, 10.002327, 22799, 22799, 0
140.004589, 10.000308, 22317, 22317, 0
150.002913, 9.998324, 23181, 23181, 0
160.005307, 10.002394, 23408, 23408, 0
170.002837, 9.99753, 21886, 21886, 0
180.00388, 10.001043, 22079, 22079, 0
190.001239, 9.997359, 23020, 23020, 0
200.002328, 10.001089, 20611, 20611, 0
210.005646, 10.003318, 21443, 21443, 0
220.000978, 9.995332, 22013, 22013, 0
230.00238, 10.001402, 20131, 20131, 0
240.001863, 9.999483, 21242, 21242, 0
250.003503, 10.00164, 22644, 22644, 0
260.001895, 9.998392, 12558, 12558, 0
270.002938, 10.001043, 9733, 9733, 0
280.001856, 9.998918, 24223, 24223, 0
290.002715, 10.000859, 23812, 23812, 0
300.00091, 9.998195, 20615, 20615, 0
310.004298, 10.003388, 23460, 23460, 0
320.000947, 9.996649, 21803, 21803, 0
330.003404, 10.002457, 19552, 19552, 0
340.003887, 10.000483, 12393, 12393, 0
350.005102, 10.001215, 18258, 18032, 226
360.004433, 9.999331, 23359, 22666, 693
370.001333, 9.9969, 20726, 20726, 0
380.004561, 10.003228, 23665, 23665, 0
390.002036, 9.997475, 20237, 20237, 0
400.001006, 9.99897, 21983, 21983, 0
410.004189, 10.003183, 21401, 21401, 0
420.003239, 9.99905, 23063, 23063, 0
430.003341, 10.000102, 22233, 22233, 0
440.001672, 9.998331, 24136, 24136, 0
450.001904, 10.000232, 21253, 21253, 0
460.002569, 10.000665, 22164, 22164, 0
470.002583, 10.000014, 21214, 21214, 0
480.000944, 9.998361, 22293, 22293, 0
490.00247, 10.001526, 5263, 5263, 0
500.001576, 9.999106, 19805, 19805, 0
510.002249, 10.000673, 23876, 23876, 0
520.001302, 9.999053, 22840, 22840, 0
530.002487, 10.001185, 20573, 20573, 0
540.000787, 9.9983, 22523, 22523, 0
550.003033, 10.002246, 21075, 21075, 0
560.002749, 9.999716, 20466, 20466, 0
570.007267, 10.004518, 17738, 17738, 0
580.003365, 9.996098, 23436, 23436, 0
590.005314, 10.001949, 20527, 20527, 0
600.002465, 9.997151, 21450, 21450, 0
610.002638, 10.000173, 23449, 23449, 0
620.003879, 10.001241, 21926, 21926, 0
630.002396, 9.998517, 23570, 23570, 0
640.001467, 9.999071, 21884, 21884, 0
650.001919, 10.000452, 23724, 23724, 0
660.00206, 10.000141, 18041, 18041, 0
670.001168, 9.999108, 23075, 23075, 0
680.006327, 10.005159, 23039, 23039, 0
690.002579, 9.996252, 20498, 20498, 0
700.001174, 9.998595, 18932, 18932, 0
710.00107, 9.999896, 23838, 23838, 0
720.002517, 10.001447, 22893, 22893, 0
730.001422, 9.998905, 23639, 23639, 0
740.001131, 9.999709, 20051, 20051, 0
750.003763, 10.002632, 21445, 21445, 0
760.001249, 9.997486, 23910, 23910, 0
770.002295, 10.001046, 21960, 21960, 0
780.003308, 10.001013, 23823, 23823, 0
790.001828, 9.99852, 24112, 24112, 0
800.000864, 9.999036, 22138, 22042, 96
810.002567, 10.001703, 22894, 22174, 720
820.002273, 9.999706, 23669, 23669, 0
830.002382, 10.000109, 21392, 21392, 0
840.000785, 9.998403, 20897, 20897, 0
850.003415, 10.00263, 22790, 22790, 0
860.001779, 9.998364, 21088, 21088, 0
870.006774, 10.004995, 21978, 21978, 0
880.007987, 10.001213, 22828, 22828, 0
890.002744, 9.994757, 16445, 16445, 0
900.000848, 9.998104, 13969, 13969, 0
910.00258, 10.001732, 14466, 14466, 0
920.001141, 9.998561, 21864, 21864, 0
930.003291, 10.00215, 21605, 21605, 0
940.001462, 9.998171, 21760, 21760, 0
950.003217, 10.001755, 22441, 22441, 0
960.001081, 9.997864, 19131, 19131, 0
970.003589, 10.002508, 22251, 22251, 0
980.003848, 10.000259, 22037, 22037, 0
990.002335, 9.998487, 22230, 22230, 0
1000.0012, 9.998865, 15446, 15445, 1
1010.00084, 9.99964, 19767, 19767, 0
1020.001839, 10.000999, 12536, 12536, 0
1030.001847, 10.000008, 16518, 16518, 0
1040.003454, 10.001607, 23893, 23893, 0
1050.004039, 10.000585, 21968, 21968, 0
1060.001854, 9.997815, 18129, 18129, 0
1070.003708, 10.001854, 21878, 21878, 0
1080.002694, 9.998986, 22005, 22005, 0
1090.000859, 9.998165, 19322, 19322, 0
1100.00284, 10.001981, 21451, 21451, 0
1110.002767, 9.999927, 18676, 18676, 0
1120.000764, 9.997997, 20452, 20452, 0
1130.001771, 10.001007, 20707, 20707, 0
1140.002079, 10.000308, 22853, 22853, 0
1150.001366, 9.999287, 20902, 20902, 0
1160.000829, 9.999463, 19917, 19917, 0
1170.004315, 10.003486, 21688, 21688, 0
1180.003654, 9.999339, 19963, 19963, 0
1190.001062, 9.997408, 19635, 19635, 0
1200.001881, 10.000819, 21738, 21738, 0
1210.002299, 10.000418, 19760, 19760, 0
1220.001011, 9.998712, 20406, 20406, 0
1230.003433, 10.002422, 20266, 20266, 0
1240.001446, 9.998013, 22771, 22771, 0
1250.00239, 10.000944, 20356, 20356, 0
1260.001573, 9.999183, 19033, 19033, 0
1270.000855, 9.999282, 19442, 19442, 0
1280.001771, 10.000916, 21179, 21179, 0
1290.001819, 10.000048, 19830, 19830, 0
1300.002401, 10.000582, 21270, 21270, 0
1310.000843, 9.998442, 16010, 16010, 0
1320.004246, 10.003403, 18526, 18526, 0
1330.002527, 9.998281, 18622, 18622, 0
1340.000931, 9.998404, 19503, 19503, 0
1350.002692, 10.001761, 18233, 18233, 0
1360.001027, 9.998335, 16801, 16801, 0
1370.001774, 10.000747, 19345, 19345, 0
1380.002924, 10.00115, 19026, 19026, 0
1390.002523, 9.999599, 19301, 19301, 0
1400.000825, 9.998302, 16375, 16374, 1
1410.001802, 10.000977, 18847, 18847, 0
1420.001862, 10.00006, 19567, 19567, 0
1430.002724, 10.000862, 16448, 16448, 0
1440.001863, 9.999139, 6601, 6601, 0
1450.002448, 10.000585, 8775, 8775, 0
1460.001206, 9.998758, 8280, 8280, 0
1470.000849, 9.999643, 6489, 6489, 0
1480.001852, 10.001003, 6344, 6344, 0
1490.002104, 10.000252, 7904, 7904, 0
1500.000908, 9.998804, 5657, 5657, 0
1510.001955, 10.001047, 9153, 9153, 0
1520.003477, 10.001522, 13715, 13715, 0
1530.000858, 9.997381, 21285, 21285, 0
1540.001928, 10.00107, 21106, 21106, 0
1550.001842, 9.999914, 17680, 17680, 0
1560.002283, 10.000441, 21058, 21058, 0
1570.002147, 9.999864, 19575, 19575, 0
1580.000858, 9.998711, 19660, 19660, 0
1590.004909, 10.004051, 21134, 21134, 0
1600.000762, 9.995853, 18263, 18263, 0
1610.001815, 10.001053, 19583, 19583, 0
1620.001782, 9.999967, 21532, 21532, 0
1630.002582, 10.0008, 21097, 21097, 0
1640.002156, 9.999574, 20429, 20429, 0
1650.000865, 9.998709, 20658, 20658, 0
1660.0042, 10.003335, 21308, 21308, 0
1670.00246, 9.99826, 20974, 20974, 0
1680.001782, 9.999322, 20125, 20125, 0
1690.001793, 10.000011, 22038, 22038, 0
1700.004176, 10.002383, 20518, 20518, 0
1710.001973, 9.997797, 19174, 19174, 0
1720.00208, 10.000107, 23051, 23051, 0
1730.003114, 10.001034, 21909, 21909, 0
1740.001381, 9.998267, 20405, 20405, 0
1750.00095, 9.999569, 21540, 21540, 0
1760.003577, 10.002627, 21792, 21792, 0
1770.001951, 9.998374, 21883, 21883, 0
1780.001218, 9.999267, 17476, 17476, 0
1790.002075, 10.000857, 22106, 22106, 0
1800.003481, 10.001406, 20993, 20993, 0
1810.000843, 9.997362, 21682, 21682, 0
1820.002971, 10.002128, 21788, 21788, 0
1830.004738, 10.001767, 20658, 20658, 0
1840.001097, 9.996359, 18370, 18370, 0
1850.002486, 10.001389, 21922, 21922, 0
1860.002028, 9.999542, 19103, 19103, 0
1870.0018, 9.999772, 22096, 22096, 0
1880.004192, 10.002392, 20906, 20906, 0
1890.00078, 9.996588, 20881, 20881, 0
1900.001867, 10.001087, 20008, 20008, 0
1910.002814, 10.000947, 20384, 20384, 0
1920.001371, 9.998557, 21377, 21377, 0
1930.000903, 9.999532, 19901, 19901, 0
1940.002462, 10.001559, 20556, 20556, 0
1950.005522, 10.00306, 17364, 17364, 0
1960.002834, 9.997312, 22467, 22467, 0
1970.002223, 9.999389, 20801, 20801, 0
1980.001247, 9.999024, 21124, 21124, 0
1990.001288, 10.000041, 21146, 21146, 0
2000.001802, 10.000514, 20067, 20067, 0
2010.0019, 10.000098, 18189, 18189, 0
2020.001915, 10.000015, 20705, 20705, 0
2030.001788, 9.999873, 19222, 19222, 0
2040.003365, 10.001577, 20600, 20600, 0
2050.000817, 9.997452, 20868, 20868, 0
2060.002215, 10.001398, 17490, 17490, 0
2070.000991, 9.998776, 18910, 18910, 0
2080.001782, 10.000791, 19572, 19572, 0
2090.002904, 10.001122, 19649, 19649, 0
2100.001832, 9.998928, 18105, 18105, 0
2110.002017, 10.000185, 20282, 20282, 0
2120.001819, 9.999802, 17740, 17740, 0
2130.003349, 10.00153, 21407, 21407, 0
2140.000837, 9.997488, 21057, 21057, 0
2150.002539, 10.001702, 20801, 20801, 0
2160.001601, 9.999062, 20639, 20639, 0
2170.00134, 9.999739, 19403, 19403, 0
2180.00155, 10.00021, 18285, 18285, 0
2190.000888, 9.999338, 21385, 21385, 0
2200.001778, 10.00089, 19023, 19023, 0
2210.003963, 10.002185, 21265, 21265, 0
2220.00111, 9.997147, 19762, 19762, 0
2230.000898, 9.999788, 19204, 19204, 0
2240.003298, 10.0024, 20332, 20332, 0
2250.002522, 9.999224, 17290, 17290, 0
2260.00239, 9.999868, 20495, 20495, 0
2270.001213, 9.998823, 17879, 17879, 0
2280.002216, 10.001003, 18886, 18886, 0
2290.002101, 9.999885, 20101, 20101, 0
2300.00083, 9.998729, 17032, 17032, 0
2310.001877, 10.001047, 20996, 20996, 0
2320.003128, 10.001251, 19427, 19427, 0
2330.003014, 9.999886, 20031, 20031, 0
2340.001889, 9.998875, 20337, 20337, 0
2350.001761, 9.999872, 20161, 20161, 0
2360.001844, 10.000083, 19417, 19417, 0
2370.003641, 10.001797, 18722, 18722, 0
2380.002564, 9.998923, 16659, 16659, 0
2390.000831, 9.998267, 19924, 19924, 0
2400.001771, 10.00094, 17282, 17282, 0
2410.002496, 10.000725, 19244, 19244, 0
2420.001887, 9.999391, 19444, 19444, 0
2430.001925, 10.000038, 18191, 18191, 0
2440.002645, 10.00072, 19834, 19834, 0
2450.001708, 9.999063, 18610, 18610, 0
2460.002402, 10.000694, 18282, 18282, 0
2470.001207, 9.998805, 17065, 17065, 0
2480.004414, 10.003207, 16781, 16781, 0
2490.003987, 9.999573, 18548, 18548, 0
2500.000849, 9.996862, 18234, 18234, 0
2510.001746, 10.000897, 18779, 18779, 0
2520.003176, 10.00143, 18280, 18280, 0
2530.002004, 9.998828, 15485, 15485, 0
2540.001813, 9.999809, 16798, 16798, 0
2550.002072, 10.000259, 17175, 17175, 0
2560.00092, 9.998848, 17843, 17843, 0
2570.001862, 10.000942, 16809, 16809, 0
2580.001837, 9.999975, 14402, 14402, 0
2590.00184, 10.000003, 15738, 15738, 0
2600.001825, 9.999985, 15368, 15368, 0
2610.001813, 9.999988, 16754, 16754, 0
2620.001877, 10.000064, 17882, 17882, 0
2630.001828, 9.999951, 15651, 15651, 0
2640.002916, 10.001088, 15423, 15423, 0
2650.001785, 9.998869, 17101, 17101, 0
2660.001844, 10.000059, 15653, 15653, 0
2670.003012, 10.001168, 14972, 14972, 0
2680.001793, 9.998781, 15221, 15221, 0
2690.002016, 10.000223, 14242, 14242, 0
2700.00184, 9.999824, 14546, 14546, 0
2710.002863, 10.001023, 15744, 15744, 0
2720.001829, 9.998966, 14210, 14210, 0
2730.001831, 10.000002, 13909, 13909, 0
2740.003677, 10.001846, 15743, 15743, 0
2750.000814, 9.997137, 14171, 14171, 0
2760.001937, 10.001123, 14872, 14872, 0
2770.002727, 10.00079, 14861, 14861, 0
2780.001084, 9.998357, 13397, 13397, 0
2790.000864, 9.99978, 12818, 12818, 0
2800.002343, 10.001479, 14366, 14366, 0
2810.00199, 9.999647, 13274, 13274, 0
2820.002188, 10.000198, 14649, 14649, 0
2830.002443, 10.000255, 13900, 13900, 0
2840.000887, 9.998444, 14550, 14550, 0
2850.001774, 10.000887, 16191, 16191, 0
2860.001961, 10.000187, 14429, 14429, 0
2870.001931, 9.99997, 14089, 14089, 0
2880.002012, 10.000081, 14427, 14427, 0
2890.001832, 9.99982, 14072, 14072, 0
2900.001951, 10.000119, 13435, 13435, 0
2910.001842, 9.999891, 14440, 14440, 0
2920.001955, 10.000113, 12938, 12938, 0
2930.001929, 9.999974, 14139, 14139, 0
2940.002135, 10.000206, 13062, 13062, 0
2950.001083, 9.998948, 13380, 13380, 0
2960.000821, 9.999738, 13701, 13701, 0
2970.002183, 10.001362, 13318, 13318, 0
2980.000878, 9.998695, 14258, 14258, 0
2990.002087, 10.001209, 12443, 12443, 0
3000.001505, 9.999418, 15420, 15419, 1
3010.00085, 9.999345, 14363, 14363, 0
3020.001861, 10.001011, 14269, 14269, 0
3030.001763, 9.999902, 14477, 14477, 0
3040.001765, 10.000002, 14506, 14506, 0
3050.00182, 10.000055, 14084, 14084, 0
3060.001777, 9.999957, 14201, 14201, 0
3070.001908, 10.000131, 14203, 14203, 0
3080.001811, 9.999903, 14071, 14071, 0
3090.002117, 10.000306, 14261, 14261, 0
3100.000852, 9.998735, 15038, 15038, 0
3110.001841, 10.000989, 11853, 11853, 0
3120.00204, 10.000199, 13614, 13614, 0
3130.002922, 10.000882, 12445, 12445, 0
3140.002295, 9.999373, 13763, 13763, 0
3150.005227, 10.002932, 13966, 13966, 0
3160.000948, 9.995721, 16425, 16425, 0
3170.002124, 10.001176, 13108, 13108, 0
3180.001263, 9.999139, 14737, 14737, 0
3190.000994, 9.999731, 14550, 14550, 0
3200.001843, 10.000849, 14807, 14807, 0
3210.001795, 9.999952, 14622, 14622, 0
3220.001878, 10.000083, 13512, 13512, 0
3230.001791, 9.999913, 12466, 12466, 0
3240.001826, 10.000035, 13807, 13807, 0
3250.002039, 10.000213, 12708, 12708, 0
3260.002948, 10.000909, 13745, 13745, 0
3270.00087, 9.997922, 12448, 12448, 0
3280.002754, 10.001884, 12063, 12063, 0
3290.002072, 9.999318, 14097, 14097, 0
3300.00077, 9.998698, 12641, 12641, 0
3310.001814, 10.001044, 12834, 12834, 0
3320.001781, 9.999967, 11450, 11450, 0
3330.001802, 10.000021, 13639, 13639, 0
3340.003378, 10.001576, 13106, 13106, 0
3350.003003, 9.999625, 12453, 12453, 0
3360.001064, 9.998061, 12153, 12153, 0
3370.000767, 9.999703, 11452, 11452, 0
3380.001776, 10.001009, 12146, 12146, 0
3390.001772, 9.999996, 12170, 12170, 0
3400.002358, 10.000586, 11582, 11582, 0
3410.000839, 9.998481, 13214, 13213, 1
3420.002085, 10.001246, 13314, 13314, 0
3430.001017, 9.998932, 13875, 13875, 0
3440.003315, 10.002298, 15071, 15071, 0
3450.001017, 9.997702, 11717, 11717, 0
3460.00405, 10.003033, 12396, 12396, 0
3470.000898, 9.996848, 12260, 12260, 0
3480.001811, 10.000913, 15230, 15230, 0
3490.002176, 10.000365, 13328, 13328, 0
3500.00251, 10.000334, 12747, 12747, 0
3510.000816, 9.998306, 12261, 12261, 0
3520.002119, 10.001303, 11520, 11520, 0
3530.003697, 10.001578, 11874, 11874, 0
3540.000806, 9.997109, 15503, 15503, 0
3550.001785, 10.000979, 13902, 13902, 0
3560.001769, 9.999984, 14073, 14073, 0
3570.002349, 10.00058, 12505, 12505, 0
3580.001411, 9.999062, 13477, 13477, 0
3590.001926, 10.000515, 12625, 12625, 0
3600.000798, 9.998872, 11859, 11859, 0
3601.025122, 1.024324, 619, 619, 0
